0.00000
0.00000
0.00030
0.00089
0.00177
0.00294
0.00440
0.00615
0.00818
0.01049
0.01308
0.01594
0.01907
0.02248
0.02615
0.03008
0.03428
0.03873
0.04344
0.04840
0.05361
0.05906
0.06476
0.07069
0.07686
0.08326
0.08989
0.09674
0.10381
0.11110
0.11860
0.12632
0.13423
0.14235
0.15067
0.15918
0.16788
0.17677
0.18584
0.19509
0.20451
0.21410
0.22386
0.23378
0.24386
0.25409
0.26447
0.27499
0.28566
0.29646
0.30739
0.31845
0.32964
0.34094
0.35236
0.36389
0.37553
0.38726
0.39910
0.41103
0.42304
0.43514
0.44733
0.45958
0.47191
0.48431
0.49677
0.50929
0.52186
0.53448
0.54715
0.55986
0.57261
0.58539
0.59820
0.61103
0.62388
0.63675
0.64964
0.66253
0.67542
0.68832
0.70121
0.71409
0.72696
0.73982
0.75265
0.76546
0.77825
0.79100
0.80372
0.81640
0.82904
0.84163
0.85417
0.86666
0.87909
0.89146
0.90377
0.91601
0.92818
0.94027
0.95229
0.96423
0.97608
0.98785
0.99953
1.01111
1.02260
1.03399
1.04528
1.05646
1.06754
1.07851
1.08936
1.10010
1.11072
1.12122
1.13160
1.14185
1.15198
1.16197
1.17184
1.18157
1.19116
1.20061
1.20992
1.21909
1.22812
1.23700
1.24573
1.25431
1.26274
1.27101
1.27913
1.28710
1.29491
1.30256
1.31004
1.31737
1.32453
1.33153
1.33837
1.34504
1.35154
1.35787
1.36404
1.37003
1.37585
1.38151
1.38699
1.39230
1.39744
1.40240
1.40719
1.41180
1.41625
1.42051
1.42461
1.42852
1.43227
1.43584
1.43923
1.44245
1.44549
1.44836
1.45106
1.45358
1.45593
1.45811
1.46011
1.46195
1.46361
1.46510
1.46642
1.46757
1.46855
1.46937
1.47002
1.47050
1.47082
1.47097
1.47096
1.47079
1.47046
1.46997
1.46932
1.46851
1.46755
1.46643
1.46516
1.46374
1.46217
1.46045
1.45858
1.45657
1.45441
1.45212
1.44968
1.44710
1.44438
1.44153
1.43854
1.43543
1.43218
1.42881
1.42530
1.42168
1.41793
1.41406
1.41008
1.40597
1.40176
1.39743
1.39299
1.38844
1.38379
1.37903
1.37417
1.36921
1.36416
1.35901
1.35376
1.34843
1.34301
1.33750
1.33191
1.32624
1.32049
1.31466
1.30876
1.30279
1.29674
1.29063
1.28446
1.27822
1.27192
1.26557
1.25915
1.25269
1.24617
1.23961
1.23300
1.22635
1.21965
1.21292
1.20615
1.19934
1.19250
1.18564
1.17875
1.17183
1.16489
1.15793
1.15095
1.14395
1.13694
1.12993
1.12290
1.11586
1.10882
1.10178
1.09474
1.08770
1.08067
1.07364
1.06663
1.05962
1.05262
1.04564
1.03868
1.03174
1.02482
1.01792
1.01104
1.00420
0.99738
0.99060
0.98384
0.97713
0.97045
0.96380
0.95720
0.95064
0.94413
0.93766
0.93123
0.92486
0.91854
0.91227
0.90605
0.89989
0.89379
0.88774
0.88176
0.87584
0.86998
0.86418
0.85845
0.85279
0.84719
0.84167
0.83622
0.83084
0.82553
0.82030
0.81514
0.81006
0.80506
0.80013
0.79529
0.79053
0.78585
0.78125
0.77673
0.77230
0.76796
0.76370
0.75953
0.75545
0.75145
0.74755
0.74373
0.74000
0.73637
0.73282
0.72937
0.72601
0.72274
0.71957
0.71649
0.71350
0.71060
0.70781
0.70510
0.70249
0.69998
0.69756
0.69523
0.69300
0.69087
0.68883
0.68689
0.68504
0.68329
0.68163
0.68007
0.67860
0.67723
0.67595
0.67477
0.67368
0.67268
0.67178
0.67097
0.67026
0.66963
0.66910
0.66866
0.66831
0.66806
0.66789
0.66781
0.66782
0.66792
0.66810
0.66838
0.66874
0.66918
0.66971
0.67033
0.67102
0.67180
0.67267
0.67361
0.67463
0.67574
0.67692
0.67818
0.67952
0.68093
0.68242
0.68398
0.68561
0.68732
0.68909
0.69094
0.69286
0.69484
0.69689
0.69901
0.70119
0.70343
0.70574
0.70810
0.71053
0.71302
0.71556
0.71816
0.72082
0.72353
0.72629
0.72911
0.73197
0.73489
0.73785
0.74086
0.74391
0.74701
0.75015
0.75334
0.75656
0.75983
0.76313
0.76647
0.76984
0.77325
0.77669
0.78016
0.78366
0.78720
0.79075
0.79434
0.79795
0.80158
0.80524
0.80892
0.81262
0.81633
0.82007
0.82382
0.82758
0.83136
0.83515
0.83895
0.84276
0.84658
0.85041
0.85424
0.85808
0.86192
0.86576
0.86961
0.87345
0.87729
0.88113
0.88497
0.88880
0.89263
0.89645
0.90026
0.90406
0.90785
0.91163
0.91539
0.91915
0.92288
0.92660
0.93031
0.93399
0.93766
0.94131
0.94493
0.94854
0.95212
0.95567
0.95920
0.96271
0.96619
0.96964
0.97306
0.97645
0.97981
0.98314
0.98644
0.98971
0.99294
0.99614
0.99930
1.00243
1.00552
1.00857
1.01158
1.01456
1.01749
1.02039
1.02324
1.02606
1.02883
1.03156
1.03424
1.03689
1.03948
1.04204
1.04454
1.04701
1.04942
1.05179
1.05411
1.05639
1.05861
1.06079
1.06292
1.06500
1.06704
1.06902
1.07095
1.07283
1.07467
1.07645
1.07818
1.07986
1.08149
1.08306
1.08459
1.08606
1.08748
1.08885
1.09017
1.09144
1.09265
1.09381
1.09492
1.09598
1.09699
1.09794
1.09884
1.09969
1.10049
1.10124
1.10193
1.10258
1.10317
1.10371
1.10420
1.10464
1.10502
1.10536
1.10565
1.10589
1.10607
1.10621
1.10630
1.10634
1.10633
1.10628
1.10617
1.10602
1.10582
1.10558
1.10528
1.10495
1.10456
1.10413
1.10366
1.10314
1.10258
1.10198
1.10133
1.10064
1.09991
1.09913
1.09832
1.09746
1.09657
1.09564
1.09466
1.09365
1.09260
1.09152
1.09040
1.08924
1.08805
1.08682
1.08556
1.08427
1.08294
1.08158
1.08019
1.07877
1.07731
1.07583
1.07432
1.07278
1.07122
1.06963
1.06801
1.06636
1.06469
1.06300
1.06128
1.05954
1.05778
1.05600
1.05419
1.05237
1.05053
1.04866
1.04678
1.04489
1.04297
1.04105
1.03910
1.03714
1.03517
1.03319
1.03119
1.02918
1.02716
1.02513
1.02309
1.02104
1.01899
1.01692
1.01485
1.01278
1.01070
1.00861
1.00652
1.00443
1.00233
1.00024
0.99814
0.99604
0.99394
0.99184
0.98974
0.98765
0.98556
0.98347
0.98138
0.97930
0.97723
0.97516
0.97310
0.97104
0.96899
0.96695
0.96492
0.96290
0.96089
0.95889
0.95690
0.95492
0.95295
0.95100
0.94906
0.94713
0.94522
0.94332
0.94143
0.93957
0.93772
0.93588
0.93406
0.93226
0.93048
0.92872
0.92697
0.92525
0.92354
0.92186
0.92019
0.91855
0.91692
0.91532
0.91374
0.91218
0.91065
0.90914
0.90765
0.90618
0.90474
0.90333
0.90193
0.90056
0.89922
0.89790
0.89661
0.89535
0.89411
0.89289
0.89170
0.89054
0.88941
0.88830
0.88722
0.88616
0.88514
0.88414
0.88317
0.88222
0.88131
0.88042
0.87956
0.87873
0.87793
0.87715
0.87641
0.87569
0.87500
0.87434
0.87370
0.87310
0.87252
0.87198
0.87146
0.87097
0.87050
0.87007
0.86966
0.86929
0.86894
0.86862
0.86832
0.86806
0.86782
0.86761
0.86743
0.86727
0.86714
0.86704
0.86697
0.86692
0.86690
0.86691
0.86694
0.86700
0.86708
0.86719
0.86733
0.86749
0.86767
0.86788
0.86812
0.86838
0.86866
0.86897
0.86930
0.86966
0.87004
0.87044
0.87086
0.87131
0.87177
0.87226
0.87278
0.87331
0.87386
0.87443
0.87503
0.87564
0.87627
0.87693
0.87760
0.87829
0.87899
0.87972
0.88046
0.88122
0.88200
0.88279
0.88360
0.88443
0.88527
0.88613
0.88700
0.88788
0.88878
0.88969
0.89062
0.89156
0.89251
0.89347
0.89444
0.89543
0.89643
0.89743
0.89845
0.89948
0.90051
0.90156
0.90261
0.90367
0.90474
0.90582
0.90691
0.90800
0.90909
0.91020
0.91131
0.91242
0.91354
0.91466
0.91579
0.91692
0.91805
0.91919
0.92033
0.92147
0.92261
0.92375
0.92490
0.92605
0.92719
0.92834
0.92948
0.93063
0.93177
0.93291
0.93405
0.93519
0.93633
0.93746
0.93859
0.93972
0.94084
0.94196
0.94307
0.94418
0.94528
0.94638
0.94747
0.94856
0.94964
0.95071
0.95178
0.95284
0.95389
0.95493
0.95597
0.95700
0.95802
0.95903
0.96003
0.96102
0.96200
0.96298
0.96394
0.96489
0.96583
0.96676
0.96768
0.96859
0.96949
0.97037
0.97125
0.97211
0.97296
0.97380
0.97462
0.97543
0.97623
0.97702
0.97779
0.97855
0.97930
0.98003
0.98075
0.98145
0.98214
0.98282
0.98348
0.98413
0.98476
0.98538
0.98599
0.98658
0.98715
0.98771
0.98825
0.98878
0.98930
0.98980
0.99028
0.99075
0.99120
0.99164
0.99206
0.99247
0.99286
0.99324
0.99360
0.99394
0.99427
0.99458
0.99488
0.99516
0.99543
0.99568
0.99592
0.99614
0.99634
0.99653
0.99671
0.99687
0.99701
0.99714
0.99726
0.99735
0.99744
0.99751
0.99756
0.99760
0.99763
0.99764
0.99763
0.99761
0.99758
0.99753
0.99747
0.99740
0.99731
0.99721
0.99709
0.99696
0.99682
0.99666
0.99650
0.99631
0.99612
0.99591
0.99569
0.99546
0.99522
0.99496
0.99469
0.99441
0.99412
0.99382
0.99350
0.99318
0.99284
0.99250
0.99214
0.99177
0.99140
0.99101
0.99061
0.99021
0.98979
0.98937
0.98893
0.98849
0.98804
0.98758
0.98711
0.98664
0.98615
0.98566
0.98516
0.98466
0.98414
0.98362
0.98310
0.98257
0.98203
0.98148
0.98093
0.98038
0.97982
0.97925
0.97868
0.97810
0.97752
0.97694
0.97635
0.97576
0.97516
0.97456
0.97396
0.97336
0.97275
0.97214
0.97152
0.97091
0.97029
0.96967
0.96905
0.96843
0.96781
0.96718
0.96656
0.96593
0.96531
0.96468
0.96406
0.96343
0.96281
0.96218
0.96156
0.96093
0.96031
0.95969
0.95907
0.95846
0.95784
0.95723
0.95662
0.95601
0.95541
0.95481
0.95421
0.95361
0.95302
0.95243
0.95184
0.95126
0.95068
0.95011
0.94954
0.94897
0.94841
0.94785
0.94730
0.94676
0.94622
0.94568
0.94515
0.94462
0.94410
0.94359
0.94308
0.94258
0.94208
0.94160
0.94111
0.94064
0.94016
0.93970
0.93924
0.93879
0.93835
0.93792
0.93749
0.93707
0.93665
0.93624
0.93584
0.93545
0.93507
0.93469
0.93432
0.93396
0.93361
0.93326
0.93293
0.93260
0.93227
0.93196
0.93166
0.93136
0.93107
0.93079
0.93052
0.93026
0.93000
0.92975
0.92951
0.92928
0.92906
0.92885
0.92865
0.92845
0.92826
0.92808
0.92791
0.92775
0.92760
0.92745
0.92731
0.92718
0.92706
0.92695
0.92685
0.92675
0.92667
0.92659
0.92652
0.92646
0.92640
0.92636
0.92632
0.92629
0.92627
0.92626
0.92625
0.92626
0.92627
0.92628
0.92631
0.92634
0.92639
0.92643
0.92649
0.92655
0.92663
0.92670
0.92679
0.92688
0.92698
0.92709
0.92720
0.92732
0.92745
0.92758
0.92772
0.92787
0.92802
0.92818
0.92835
0.92852
0.92870
0.92888
0.92907
0.92927
0.92947
0.92967
0.92988
0.93010
0.93032
0.93055
0.93078
0.93102
0.93126
0.93151
0.93176
0.93201
0.93227
0.93254
0.93281
0.93308
0.93336
0.93364
0.93392
0.93421
0.93450
0.93479
0.93509
0.93539
0.93569
0.93600
0.93631
0.93662
0.93694
0.93725
0.93757
0.93789
0.93822
0.93854
0.93887
0.93920
0.93953
0.93986
0.94020
0.94053
0.94087
0.94120
0.94154
0.94188
0.94222
0.94256
0.94290
0.94324
0.94358
0.94392
0.94427
0.94461
0.94495
0.94529
0.94563
0.94597
0.94631
0.94665
0.94699
0.94733
0.94766
0.94800
0.94833
0.94867
0.94900
0.94933
0.94966
0.94999
0.95031
0.95063
0.95096
0.95128
0.95159
0.95191
0.95222
0.95253
0.95284
0.95315
0.95345
0.95375
0.95405
0.95435
0.95464
0.95493
0.95522
0.95550
0.95578
0.95606
0.95633
0.95660
0.95687
0.95713
0.95739
0.95765
0.95790
0.95815
0.95840
0.95864
0.95887
0.95911
0.95934
0.95956
0.95979
0.96000
0.96022
0.96043
0.96063
0.96083
0.96103
0.96122
0.96141
0.96160
0.96178
0.96195
0.96212
0.96229
0.96245
0.96261
0.96276
0.96291
0.96305
0.96319
0.96333
0.96346
0.96358
0.96370
0.96382
0.96393
0.96404
0.96414
0.96424
0.96433
0.96442
0.96450
0.96458
0.96465
0.96472
0.96479
0.96485
0.96491
0.96496
0.96501
0.96505
0.96509
0.96512
0.96515
0.96517
0.96519
0.96521
0.96522
0.96523
0.96523
0.96523
0.96522
0.96521
0.96520
0.96518
0.96516
0.96513
0.96510
0.96506
0.96502
0.96498
0.96493
0.96488
0.96483
0.96477
0.96471
0.96464
0.96457
0.96450
0.96442
0.96434
0.96426
0.96417
0.96408
0.96399
0.96389
0.96379
0.96369
0.96358
0.96347
0.96336
0.96324
0.96312
0.96300
0.96288
0.96275
0.96262
0.96249
0.96235
0.96221
0.96208
0.96193
0.96179
0.96164
0.96149
0.96134
0.96119
0.96103
0.96088
0.96072
0.96056
0.96039
0.96023
0.96006
0.95990
0.95973
0.95956
0.95939
0.95921
0.95904
0.95886
0.95869
0.95851
0.95833
0.95815
0.95797
0.95779
0.95761
0.95742
0.95724
0.95706
0.95687
0.95669
0.95650
0.95631
0.95613
0.95594
0.95576
0.95557
0.95538
0.95520
0.95501
0.95482
0.95464
0.95445
0.95427
0.95408
0.95390
0.95371
0.95353
0.95335
0.95316
0.95298
0.95280
0.95262
0.95244
0.95226
0.95208
0.95191
0.95173
0.95156
0.95138
0.95121
0.95104
0.95087
0.95070
0.95053
0.95037
0.95020
0.95004
0.94988
0.94972
0.94956
0.94941
0.94925
0.94910
0.94895
0.94880
0.94865
0.94851
0.94836
0.94822
0.94808
0.94794
0.94781
0.94767
0.94754
0.94741
0.94728
0.94716
0.94703
0.94691
0.94679
0.94668
0.94656
0.94645
0.94634
0.94623
0.94613
0.94603
0.94593
0.94583
0.94573
0.94564
0.94555
0.94546
0.94537
0.94529
0.94521
0.94513
0.94506
0.94498
0.94491
0.94484
0.94478
0.94472
0.94465
0.94460
0.94454
0.94449
0.94444
0.94439
0.94434
0.94430
0.94426
0.94422
0.94419
0.94415
0.94412
0.94409
0.94407
0.94405
0.94403
0.94401
0.94399
0.94398
0.94397
0.94396
0.94395
0.94395
0.94395
0.94395
0.94395
0.94396
0.94397
0.94398
0.94399
0.94400
0.94402
0.94404
0.94406
0.94409
0.94411
0.94414
0.94417
0.94420
0.94423
0.94427
0.94431
0.94435
0.94439
0.94444
0.94448
0.94453
0.94458
0.94463
0.94468
0.94474
0.94479
0.94485
0.94491
0.94497
0.94504
0.94510
0.94517
0.94524
0.94531
0.94538
0.94545
0.94552
0.94560
0.94567
0.94575
0.94583
0.94591
0.94599
0.94608
0.94616
0.94624
0.94633
0.94642
0.94650
0.94659
0.94668
0.94677
0.94686
0.94696
0.94705
0.94714
0.94724
0.94733
0.94743
0.94753
0.94762
0.94772
0.94782
0.94792
0.94802
0.94812
0.94822
0.94832
0.94842
0.94852
0.94862
0.94872
0.94882
0.94892
0.94902
0.94913
0.94923
0.94933
0.94943
0.94953
0.94964
0.94974
0.94984
0.94994
0.95004
0.95014
0.95024
0.95034
0.95044
0.95054
0.95064
0.95074
0.95084
0.95094
0.95103
0.95113
0.95123
0.95132
0.95142
0.95151
0.95161
0.95170
0.95179
0.95189
0.95198
0.95207
0.95216
0.95225
0.95233
0.95242
0.95251
0.95259
0.95268
0.95276
0.95284
0.95292
0.95300
0.95308
0.95316
0.95324
0.95332
0.95339
0.95347
0.95354
0.95361
0.95368
0.95375
0.95382
0.95389
0.95395
0.95402
0.95408
0.95414
0.95420
0.95426
0.95432
0.95438
0.95444
0.95449
0.95454
0.95460
0.95465
0.95470
0.95474
0.95479
0.95484
0.95488
0.95492
0.95496
0.95500
0.95504
0.95508
0.95512
0.95515
0.95518
0.95522
0.95525
0.95527
0.95530
0.95533
0.95535
0.95538
0.95540
0.95542
0.95544
0.95546
0.95547
0.95549
0.95550
0.95551
0.95553
0.95554
0.95554
0.95555
0.95556
0.95556
0.95557
0.95557
0.95557
0.95557
0.95557
0.95556
0.95556
0.95555
0.95554
0.95554
0.95553
0.95552
0.95550
0.95549
0.95548
0.95546
0.95545
0.95543
0.95541
0.95539
0.95537
0.95535
0.95532
0.95530
0.95528
0.95525
0.95522
0.95519
0.95516
0.95513
0.95510
0.95507
0.95504
0.95501
0.95497
0.95494
0.95490
0.95486
0.95482
0.95479
0.95475
0.95471
0.95466
0.95462
0.95458
0.95454
0.95449
0.95445
0.95440
0.95436
0.95431
0.95426
0.95422
0.95417
0.95412
0.95407
0.95402
0.95397
0.95392
0.95387
0.95382
0.95377
0.95372
0.95366
0.95361
0.95356
0.95350
0.95345
0.95340
0.95334
0.95329
0.95323
0.95318
0.95312
0.95307
0.95301
0.95296
0.95290
0.95285
0.95279
0.95274
0.95268
0.95263
0.95257
0.95251
0.95246
0.95240
0.95235
0.95229
0.95224
0.95218
0.95213
0.95207
0.95202
0.95196
0.95191
0.95186
0.95180
0.95175
0.95170
0.95164
0.95159
0.95154
0.95149
0.95143
0.95138
0.95133
0.95128
0.95123
0.95118
0.95113
0.95108
0.95103
0.95099
0.95094
0.95089
0.95085
0.95080
0.95075
0.95071
0.95066
0.95062
0.95058
0.95053
0.95049
0.95045
0.95041
0.95037
0.95033
0.95029
0.95025
0.95021
0.95018
0.95014
0.95010
0.95007
0.95003
0.95000
0.94997
0.94993
0.94990
0.94987
0.94984
0.94981
0.94978
0.94975
0.94972
0.94970
0.94967
0.94965
0.94962
0.94960
0.94957
0.94955
0.94953
0.94951
0.94949
0.94947
0.94945
0.94943
0.94941
0.94940
0.94938
0.94937
0.94935
0.94934
0.94933
0.94931
0.94930
0.94929
0.94928
0.94927
0.94927
0.94926
0.94925
0.94925
0.94924
0.94924
0.94923
0.94923
0.94923
0.94922
0.94922
0.94922
0.94922
0.94922
0.94923
0.94923
0.94923
0.94924
0.94924
0.94925
0.94925
0.94926
0.94927
0.94927
0.94928
0.94929
0.94930
0.94931
0.94932
0.94933
0.94934
0.94936
0.94937
0.94938
0.94940
0.94941
0.94943
0.94944
0.94946
0.94948
0.94950
0.94951
0.94953
0.94955
0.94957
0.94959
0.94961
0.94963
0.94965
0.94967
0.94970
0.94972
0.94974
0.94976
0.94979
0.94981
0.94984
0.94986
0.94989
0.94991
0.94994
0.94996
0.94999
0.95001
0.95004
0.95007
0.95010
0.95012
0.95015
0.95018
0.95021
0.95024
0.95026
0.95029
0.95032
0.95035
0.95038
0.95041
0.95044
0.95047
0.95050
0.95053
0.95056
0.95059
0.95062
0.95065
0.95068
0.95071
0.95074
0.95077
0.95080
0.95083
0.95086
0.95089
0.95092
0.95095
0.95098
0.95101
0.95104
0.95107
0.95110
0.95113
0.95116
0.95119
0.95122
0.95125
0.95128
0.95131
0.95134
0.95137
0.95140
0.95143
0.95145
0.95148
0.95151
0.95154
0.95157
0.95159
0.95162
0.95165
0.95167
0.95170
0.95173
0.95175
0.95178
0.95180
0.95183
0.95185
0.95188
0.95190
0.95193
0.95195
0.95197
0.95200
0.95202
0.95204
0.95206
0.95208
0.95211
0.95213
0.95215
0.95217
0.95219
0.95221
0.95223
0.95225
0.95226
0.95228
0.95230
0.95232
0.95234
0.95235
0.95237
0.95238
0.95240
0.95241
0.95243
0.95244
0.95246
0.95247
0.95248
0.95250
0.95251
0.95252
0.95253
0.95254
0.95255
0.95256
0.95257
0.95258
0.95259
0.95260
0.95261
0.95262
0.95262
0.95263
0.95264
0.95264
0.95265
0.95265
0.95266
0.95266
0.95267
0.95267
0.95268
0.95268
0.95268
0.95268
0.95268
0.95269
0.95269
0.95269
0.95269
0.95269
0.95269
0.95269
0.95268
0.95268
0.95268
0.95268
0.95267
0.95267
0.95267
0.95266
0.95266
0.95266
0.95265
0.95265
0.95264
0.95263
0.95263
0.95262
0.95261
0.95261
0.95260
0.95259
0.95258
0.95257
0.95257
0.95256
0.95255
0.95254
0.95253
0.95252
0.95251
0.95250
0.95249
0.95248
0.95246
0.95245
0.95244
0.95243
0.95242
0.95240
0.95239
0.95238
0.95237
0.95235
0.95234
0.95233
0.95231
0.95230
0.95228
0.95227
0.95225
0.95224
0.95223
0.95221
0.95220
0.95218
0.95216
0.95215
0.95213
0.95212
0.95210
0.95209
0.95207
0.95205
0.95204
0.95202
0.95201
0.95199
0.95197
0.95196
0.95194
0.95192
0.95191
0.95189
0.95187
0.95186
0.95184
0.95183
0.95181
0.95179
0.95178
0.95176
0.95174
0.95173
0.95171
0.95169
0.95168
0.95166
0.95164
0.95163
0.95161
0.95160
0.95158
0.95156
0.95155
0.95153
0.95152
0.95150
0.95148
0.95147
0.95145
0.95144
0.95142
0.95141
0.95139
0.95138
0.95136
0.95135
0.95133
0.95132
0.95131
0.95129
0.95128
0.95126
0.95125
0.95124
0.95122
0.95121
0.95120
0.95119
0.95117
0.95116
0.95115
0.95114
0.95112
0.95111
0.95110
0.95109
0.95108
0.95107
0.95106
0.95105
0.95104
0.95103
0.95102
0.95101
0.95100
0.95099
0.95098
0.95097
0.95096
0.95095
0.95094
0.95094
0.95093
0.95092
0.95091
0.95091
0.95090
0.95089
0.95089
0.95088
0.95087
0.95087
0.95086
0.95086
0.95085
0.95085
0.95084
0.95084
0.95083
0.95083
0.95083
0.95082
0.95082
0.95082
0.95081
0.95081
0.95081
0.95081
0.95080
0.95080
0.95080
0.95080
0.95080
0.95080
0.95080
0.95080
0.95080
0.95080
0.95080
0.95080
0.95080
0.95080
0.95080
0.95080
0.95080
0.95080
0.95080
0.95081
0.95081
0.95081
0.95081
0.95082
0.95082
0.95082
0.95083
0.95083
0.95083
0.95084
0.95084
0.95084
0.95085
0.95085
0.95086
0.95086
0.95087
0.95087
0.95088
0.95088
0.95089
0.95089
0.95090
0.95091
0.95091
0.95092
0.95092
0.95093
0.95094
0.95094
0.95095
0.95096
0.95096
0.95097
0.95098
0.95099
0.95099
0.95100
0.95101
0.95102
0.95102
0.95103
0.95104
0.95105
0.95106
0.95107
0.95107
0.95108
0.95109
0.95110
0.95111
0.95112
0.95112
0.95113
0.95114
0.95115
0.95116
0.95117
0.95118
0.95119
0.95120
0.95120
0.95121
0.95122
0.95123
0.95124
0.95125
0.95126
0.95127
0.95128
0.95129
0.95129
0.95130
0.95131
0.95132
0.95133
0.95134
0.95135
0.95136
0.95137
0.95138
0.95138
0.95139
0.95140
0.95141
0.95142
0.95143
0.95144
0.95144
0.95145
0.95146
0.95147
0.95148
0.95149
0.95150
0.95150
0.95151
0.95152
0.95153
0.95154
0.95154
0.95155
0.95156
0.95157
0.95157
0.95158
0.95159
0.95160
0.95160
0.95161
0.95162
0.95162
0.95163
0.95164
0.95164
0.95165
0.95166
0.95166
0.95167
0.95167
0.95168
0.95169
0.95169
0.95170
0.95170
0.95171
0.95171
0.95172
0.95172
0.95173
0.95173
0.95174
0.95174
0.95175
0.95175
0.95176
0.95176
0.95176
0.95177
0.95177
0.95178
0.95178
0.95178
0.95179
0.95179
0.95179
0.95180
0.95180
0.95180
0.95180
0.95181
0.95181
0.95181
0.95181
0.95181
0.95182
0.95182
0.95182
0.95182
0.95182
0.95182
0.95182
0.95183
0.95183
0.95183
0.95183
0.95183
0.95183
0.95183
0.95183
0.95183
0.95183
0.95183
0.95183
0.95183
0.95183
0.95183
0.95183
0.95182
0.95182
0.95182
0.95182
0.95182
0.95182
0.95182
0.95182
0.95181
0.95181
0.95181
0.95181
0.95181
0.95180
0.95180
0.95180
0.95180
0.95179
0.95179
0.95179
0.95179
0.95178
0.95178
0.95178
0.95177
0.95177
0.95177
0.95177
0.95176
0.95176
0.95175
0.95175
0.95175
0.95174
0.95174
0.95174
0.95173
0.95173
0.95172
0.95172
0.95172
0.95171
0.95171
0.95170
0.95170
0.95169
0.95169
0.95169
0.95168
0.95168
0.95167
0.95167
0.95166
0.95166
0.95165
0.95165
0.95164
0.95164
0.95163
0.95163
0.95163
0.95162
0.95162
0.95161
0.95161
0.95160
0.95160
0.95159
0.95159
0.95158
0.95158
0.95157
0.95157
0.95156
0.95156
0.95155
0.95155
0.95154
0.95154
0.95153
0.95153
0.95152
0.95152
0.95151
0.95151
0.95150
0.95150
0.95149
0.95149
0.95148
0.95148
0.95147
0.95147
0.95146
0.95146
0.95146
0.95145
0.95145
0.95144
0.95144
0.95143
0.95143
0.95142
0.95142
0.95142
0.95141
0.95141
0.95140
0.95140
0.95140
0.95139
0.95139
0.95138
0.95138
0.95138
0.95137
0.95137
0.95137
0.95136
0.95136
0.95136
0.95135
0.95135
0.95135
0.95134
0.95134
0.95134
0.95133
0.95133
0.95133
0.95132
0.95132
0.95132
0.95132
0.95131
0.95131
0.95131
0.95131
0.95130
0.95130
0.95130
0.95130
0.95130
0.95129
0.95129
0.95129
0.95129
0.95129
0.95128
0.95128
0.95128
0.95128
0.95128
0.95128
0.95128
0.95127
0.95127
0.95127
0.95127
0.95127
0.95127
0.95127
0.95127
0.95127
0.95127
0.95127
0.95127
0.95127
0.95127
0.95127
0.95127
0.95126
0.95126
0.95126
0.95126
0.95127
0.95127
0.95127
0.95127
0.95127
0.95127
0.95127
0.95127
0.95127
0.95127
0.95127
0.95127
0.95127
0.95127
0.95127
0.95127
0.95127
0.95128
0.95128
0.95128
0.95128
0.95128
0.95128
0.95128
0.95128
0.95129
0.95129
0.95129
0.95129
0.95129
0.95129
0.95130
0.95130
0.95130
0.95130
0.95130
0.95131
0.95131
0.95131
0.95131
0.95131
0.95132
0.95132
0.95132
0.95132
0.95132
0.95133
0.95133
0.95133
0.95133
0.95134
0.95134
0.95134
0.95134
0.95135
0.95135
0.95135
0.95135
0.95136
0.95136
0.95136
0.95136
0.95137
0.95137
0.95137
0.95137
0.95138
0.95138
0.95138
0.95138
0.95139
0.95139
0.95139
0.95139
0.95140
0.95140
0.95140
0.95141
0.95141
0.95141
0.95141
0.95142
0.95142
0.95142
0.95142
0.95143
0.95143
0.95143
0.95144
0.95144
0.95144
0.95144
0.95145
0.95145
0.95145
0.95145
0.95146
0.95146
0.95146
0.95146
0.95147
0.95147
0.95147
0.95147
0.95148
0.95148
0.95148
0.95148
0.95149
0.95149
0.95149
0.95149
0.95149
0.95150
0.95150
0.95150
0.95150
0.95151
0.95151
0.95151
0.95151
0.95151
0.95152
0.95152
0.95152
0.95152
0.95152
0.95153
0.95153
0.95153
0.95153
0.95153
0.95153
0.95154
0.95154
0.95154
0.95154
0.95154
0.95154
0.95154
0.95155
0.95155
0.95155
0.95155
0.95155
0.95155
0.95155
0.95155
0.95156
0.95156
0.95156
0.95156
0.95156
0.95156
0.95156
0.95156
0.95156
0.95156
0.95157
0.95157
0.95157
0.95157
0.95157
0.95157
0.95157
0.95157
0.95157
0.95157
0.95157
0.95157
0.95157
0.95157
0.95157
0.95157
0.95157
0.95157
0.95157
0.95157
0.95157
0.95157
0.95157
0.95157
0.95157
0.95157
0.95157
0.95157
0.95157
0.95157
0.95157
0.95157
0.95157
0.95157
0.95157
0.95157
0.95157
0.95157
0.95157
0.95157
0.95157
0.95157
0.95157
0.95156
0.95156
0.95156
0.95156
0.95156
0.95156
0.95156
0.95156
0.95156
0.95156
0.95156
0.95156
0.95155
0.95155
0.95155
0.95155
0.95155
0.95155
0.95155
0.95155
0.95155
0.95155
0.95154
0.95154
0.95154
0.95154
0.95154
0.95154
0.95154
0.95154
0.95153
0.95153
0.95153
0.95153
0.95153
0.95153
0.95153
0.95152
0.95152
0.95152
0.95152
0.95152
0.95152
0.95152
0.95151
0.95151
0.95151
0.95151
0.95151
0.95151
0.95151
0.95150
0.95150
0.95150
0.95150
0.95150
0.95150
0.95150
0.95149
0.95149
0.95149
0.95149
0.95149
0.95149
0.95149
0.95148
0.95148
0.95148
0.95148
0.95148
0.95148
0.95148
0.95147
0.95147
0.95147
0.95147
0.95147
0.95147
0.95147
0.95146
0.95146
0.95146
0.95146
0.95146
0.95146
0.95146
0.95145
0.95145
0.95145
0.95145
0.95145
0.95145
0.95145
0.95145
0.95144
0.95144
0.95144
0.95144
0.95144
0.95144
0.95144
0.95144
0.95144
0.95143
0.95143
0.95143
0.95143
0.95143
0.95143
0.95143
0.95143
0.95143
0.95143
0.95142
0.95142
0.95142
0.95142
0.95142
0.95142
0.95142
0.95142
0.95142
0.95142
0.95142
0.95142
0.95142
0.95141
0.95141
0.95141
0.95141
0.95141
0.95141
0.95141
0.95141
0.95141
0.95141
0.95141
0.95141
0.95141
0.95141
0.95141
0.95141
0.95141
0.95141
0.95141
0.95141
0.95141
0.95141
0.95141
0.95141
0.95141
0.95141
0.95141
0.95140
0.95140
0.95140
0.95140
0.95140
0.95140
0.95140
0.95140
0.95140
0.95140
0.95140
0.95140
0.95140
0.95141
0.95141
0.95141
0.95141
0.95141
0.95141
0.95141
0.95141
0.95141
0.95141
0.95141
0.95141
0.95141
0.95141
0.95141
0.95141
0.95141
0.95141
0.95141
0.95141
0.95141
0.95141
0.95141
0.95141
0.95141
0.95141
0.95141
0.95141
0.95142
0.95142
0.95142
0.95142
0.95142
0.95142
0.95142
0.95142
0.95142
0.95142
0.95142
0.95142
0.95142
0.95142
0.95142
0.95142
0.95143
0.95143
0.95143
0.95143
0.95143
0.95143
0.95143
0.95143
0.95143
0.95143
0.95143
0.95143
0.95143
0.95143
0.95144
0.95144
0.95144
0.95144
0.95144
0.95144
0.95144
0.95144
0.95144
0.95144
0.95144
0.95144
0.95145
0.95145
0.95145
0.95145
0.95145
0.95145
0.95145
0.95145
0.95145
0.95145
0.95145
0.95145
0.95145
0.95146
0.95146
0.95146
0.95146
0.95146
0.95146
0.95146
0.95146
0.95146
0.95146
0.95146
0.95146
0.95146
0.95147
0.95147
0.95147
0.95147
0.95147
0.95147
0.95147
0.95147
0.95147
0.95147
0.95147
0.95147
0.95147
0.95147
0.95148
0.95148
0.95148
0.95148
0.95148
0.95148
0.95148
0.95148
0.95148
0.95148
0.95148
0.95148
0.95148
0.95148
0.95148
0.95148
0.95148
0.95148
0.95149
0.95149
0.95149
0.95149
0.95149
0.95149
0.95149
0.95149
0.95149
0.95149
0.95149
0.95149
0.95149
0.95149
0.95149
0.95149
0.95149
0.95149
0.95149
0.95149
0.95149
0.95149
0.95149
0.95149
0.95149
0.95149
0.95149
0.95149
0.95149
0.95149
0.95150
0.95150
0.95150
0.95150
0.95150
0.95150
0.95150
0.95150
0.95150
0.95150
0.95150
0.95150
0.95150
0.95150
0.95150
0.95150
0.95150
0.95150
0.95150
0.95150
0.95150
0.95150
0.95150
0.95150
0.95150
0.95150
0.95150
0.95150
0.95150
0.95150
0.95150
0.95150
0.95150
0.95149
0.95149
0.95149
0.95149
0.95149
0.95149
0.95149
0.95149
0.95149
0.95149
0.95149
0.95149
0.95149
0.95149
0.95149
0.95149
0.95149
0.95149
0.95149
0.95149
0.95149
0.95149
0.95149
0.95149
0.95149
0.95149
0.95149
0.95149
0.95149
0.95149
0.95149
0.95149
0.95149
0.95149
0.95149
0.95148
0.95148
0.95148
0.95148
0.95148
0.95148
0.95148
0.95148
0.95148
0.95148
0.95148
0.95148
0.95148
0.95148
0.95148
0.95148
0.95148
0.95148
0.95148
0.95148
0.95148
0.95148
0.95148
0.95148
0.95147
0.95147
0.95147
0.95147
0.95147
0.95147
0.95147
0.95147
0.95147
0.95147
0.95147
0.95147
0.95147
0.95147
0.95147
0.95147
0.95147
0.95147
0.95147
0.95147
0.95147
0.95147
0.95147
0.95146
0.95146
0.95146
0.95146
0.95146
0.95146
0.95146
0.95146
0.95146
0.95146
0.95146
0.95146
0.95146
0.95146
0.95146
0.95146
0.95146
0.95146
0.95146
0.95146
0.95146
0.95146
0.95146
0.95146
0.95146
0.95146
0.95146
0.95145
0.95145
0.95145
0.95145
0.95145
0.95145
0.95145
0.95145
0.95145
0.95145
0.95145
0.95145
0.95145
0.95145
0.95145
0.95145
0.95145
0.95145
0.95145
0.95145
0.95145
0.95145
0.95145
0.95145
0.95145
0.95145
0.95145
0.95145
0.95145
0.95145
0.95145
0.95145
0.95145
0.95145
0.95145
0.95145
0.95145
0.95145
0.95145
0.95145
0.95145
0.95145
0.95145
0.95145
0.95145
0.95145
0.95145
0.95145
0.95145
0.95145
0.95145
0.95145
0.95145
0.95145
0.95145
0.95145
0.95145
0.95145
0.95145
0.95145
0.95145
0.95145
0.95145
0.95145
0.95145
0.95145
0.95145
0.95145
0.95145
0.95145
0.95145
0.95145
0.95145
0.95145
0.95145
0.95145
0.95145
0.95145
0.95145
0.95145
0.95145
0.95145
0.95145
0.95145
0.95145
0.95145
0.95145
0.95145
0.95145
0.95145
0.95145
0.95145
0.95145
0.95145
0.95145
0.95145
0.95145
0.95145
0.95145
0.95145
0.95145
0.95145
0.95145
0.95145
0.95145
0.95145
0.95145
0.95145
0.95145
0.95145
0.95145
0.95145
0.95145
0.95145
0.95145
0.95145
0.95145
0.95145
0.95146
0.95146
0.95146
0.95146
0.95146
0.95146
0.95146
0.95146
0.95146
0.95146
0.95146
0.95146
0.95146
0.95146
0.95146
0.95146
0.95146
0.95146
0.95146
0.95146
0.95146
0.95146
0.95146
0.95146
0.95146
0.95146
0.95146
0.95146
0.95146
0.95146
0.95146
0.95146
0.95146
0.95146
0.95146
0.95146
0.95146
0.95146
0.95146
0.95146
0.95146
0.95146
0.95146
0.95147
0.95147
0.95147
0.95147
0.95147
0.95147
0.95147
0.95147
0.95147
0.95147
0.95147
0.95147
0.95147
0.95147
0.95147
0.95147
0.95147
0.95147
0.95147
0.95147
0.95147
0.95147
0.95147
0.95147
0.95147
0.95147
0.95147
0.95147
0.95147
0.95147
0.95147
0.95147
0.95147
0.95147
0.95147
0.95147
0.95147
0.95147
0.95147
0.95147
0.95147
0.95147
0.95147
0.95147
0.95147
0.95147
0.95147
0.95147
0.95147
0.95147
0.95147
0.95147
0.95147
0.95147
0.95147
0.95147
0.95147
0.95147
0.95147
0.95147
0.95147
0.95147
0.95147
0.95147
0.95147
0.95147
0.95147
0.95147
0.95147
0.95147
0.95147
0.95147
0.95147
0.95147
0.95147
0.95147
0.95147
0.95147
0.95147
0.95147
0.95147
0.95147
0.95147
0.95147
0.95147
0.95147
0.95147
0.95147
0.95147
0.95147
0.95147
0.95147
0.95147
0.95147
0.95147
0.95147
0.95147
0.95147
0.95147
0.95147
0.95147
0.95147
0.95147
0.95147
0.95147
0.95147
0.95147
0.95147
0.95147
0.95147
0.95147
0.95147
0.95147
0.95147
0.95147
0.95147
0.95147
0.95147
0.95147
0.95147
0.95147
0.95147
0.95147
0.95147
0.95147
0.95147
0.95147
0.95147
0.95147
0.95147
0.95147
0.95147
0.95147
0.95147
0.95147
0.95147
0.95147
0.95147
0.95147
0.95147
0.95147
0.95147
0.95147
0.95147
0.95147
0.95147
0.95147
0.95147
0.95147
0.95147
0.95147
0.95147
0.95147
0.95147
0.95147
0.95147
0.95147
0.95147
0.95147
0.95147
0.95147
0.95147
0.95147
0.95147
0.95147
0.95147
0.95147
0.95147
0.95146
0.95146
0.95146
0.95146
0.95146
0.95146
0.95146
0.95146
0.95146
0.95146
0.95146
0.95146
0.95146
0.95146
0.95146
0.95146
0.95146
0.95146
0.95146
0.95146
0.95146
0.95146
0.95146
0.95146
0.95146
0.95146
0.95146
0.95146
0.95146
0.95146
0.95146
0.95146
0.95146
0.95146
0.95146
0.95146
0.95146
0.95146
0.95146
0.95146
0.95146
0.95146
0.95146
0.95146
0.95146
0.95146
0.95146
0.95146
0.95146
0.95146
0.95146
0.95146
0.95146
0.95146
0.95146
0.95146
0.95146
0.95146
0.95146
0.95146
0.95146
0.95146
0.95146
0.95146
0.95146
0.95146
0.95146
0.95146
0.95146
0.95146
0.95146
0.95146
0.95146
0.95146
0.95146
0.95146
0.95146
0.95146
0.95146
0.95146
0.95146
0.95146
0.95146
0.95146
0.95146
0.95146
0.95146
0.95146
0.95146
0.95146
0.95146
0.95146
0.95146
0.95146
0.95146
0.95146
0.95146
0.95146
0.95146
0.95146
0.95146
0.95146
0.95146
0.95146
0.95146
0.95146
0.95146
0.95146
0.95146
0.95146
0.95146
0.95146
0.95146
0.95146
0.95146
0.95146
0.95146
0.95146
0.95146
0.95146
0.95146
0.95146
0.95146
0.95146
0.95146
0.95146
0.95146
0.95146
0.95146
0.95146
0.95146
0.95146
0.95146
0.95146
0.95146
0.95146
0.95146
0.95146
0.95146
0.95146
0.95146
0.95146
0.95146
0.95146
0.95146
0.95146
0.95146
0.95146
0.95146
0.95146
0.95146
0.95146
0.95146
0.95146
0.95146
0.95146
0.95146
0.95146
0.95146
0.95146
0.95146
0.95146
0.95146
0.95146
0.95146
0.95146
0.95146
0.95146
0.95146
0.95146
0.95146
0.95146
0.95146
0.95146
0.95146
0.95146
0.95146
0.95146
0.95146
0.95146
0.95146
0.95146
0.95146
0.95146
0.95146
0.95146
0.95146
0.95146
0.95146
0.95146
0.95146
0.95146
0.95146
0.95146
0.95146
0.95146
0.95146
0.95146
0.95146
0.95146
0.95146
0.95146
0.95146
0.95146
0.95146
0.95146
0.95147
0.95147
0.95147
0.95147
0.95147
0.95147
0.95147
0.95147
0.95147
0.95147
0.95147
0.95147
0.95147
0.95147
0.95147
0.95147
0.95147
0.95147
0.95147
0.95147
0.95147
0.95147
0.95147
0.95147
0.95147
0.95147
0.95147
0.95147
0.95147
0.95147
0.95147
0.95147
0.95147
0.95147
0.95147
0.95147
0.95147
0.95147
0.95147
0.95147
0.95147
0.95147
0.95147
0.95147
0.95147
0.95147
0.95147
0.95147
0.95147
0.95147
0.95147
0.95147
0.95147
0.95147
0.95147
0.95147
0.95147
0.95147
0.95147
0.95147
0.95147
0.95147
0.95147
0.95147
0.95147
0.95147
0.95147
0.95147
0.95147
0.95147
0.95147
0.95147
0.95147
0.95147
0.95147
0.95147
0.95147
0.95147
0.95147
0.95147
0.95147
0.95147
0.95147
0.95147
0.95147
0.95147
0.95147
0.95147
0.95147
0.95147
0.95147
0.95147
0.95147
0.95147
0.95147
0.95147
0.95147
0.95147
0.95147
0.95147
0.95147
0.95147
0.95147
0.95147
0.95147
0.95147
0.95147
0.95147
0.95147
0.95147
0.95147
0.95147
0.95147
0.95147
0.95147
0.95147
0.95147
0.95147
0.95147
0.95147
0.95147
0.95147
0.95147
0.95147
0.95147
0.95147
0.95147
0.95147
0.95147
0.95147
0.95147
0.95147
0.95147
0.95147
0.95147
0.95147
0.95147
0.95146
0.95146
0.95146
0.95146
0.95146
0.95146
0.95146
0.95146
0.95146
0.95146
0.95146
0.95146
0.95146
0.95146
0.95146
0.95146
0.95146
0.95146
0.95146
0.95146
0.95146
0.95146
0.95146
0.95146
0.95146
0.95146
0.95146
0.95146
0.95146
0.95146
0.95146
0.95146
0.95146
0.95146
0.95146
0.95146
0.95146
0.95146
0.95146
0.95146
0.95146
0.95146
0.95146
0.95146
0.95146
0.95146
0.95146
0.95146
0.95146
0.95146
0.95146
0.95146
0.95146
0.95146
0.95146
0.95146
0.95146
0.95146
0.95146
0.95146
0.95146
0.95146
0.95146
0.95146
0.95146
0.95146
0.95146
0.95146
0.95146
0.95146
0.95146
0.95146
0.95146
0.95146
0.95146
0.95146
0.95146
0.95146
0.95146
0.95146
0.95146
0.95146
0.95146
0.95146
0.95146
0.95146
0.95146
0.95146
0.95146
0.95146
0.95146
0.95146
0.95146
0.95146
0.95146
0.95146
0.95146
0.95146
0.95146
0.95146
0.95146
0.95146
0.95146
0.95146
0.95146
0.95146
0.95146
0.95146
0.95146
0.95146
0.95146
0.95146
0.95146
0.95146
0.95146
0.95146
0.95146
0.95146
0.95146
0.95146
0.95146
0.95146
0.95146
0.95146
0.95146
0.95146
0.95146
0.95146
0.95146
0.95146
0.95146
0.95146
0.95146
0.95146
0.95146
0.95146
0.95146
0.95146
0.95146
0.95146
0.95146
0.95146
0.95146
0.95146
0.95146
0.95146
0.95146
0.95146
0.95146
0.95146
0.95146
0.95146
0.95146
0.95146
0.95146
0.95146
0.95146
0.95146
0.95146
0.95146
0.95146
0.95146
0.95146
0.95146
0.95146
0.95146
0.95146
0.95146
0.95146
0.95146
0.95146
0.95146
0.95146
0.95146
0.95146
0.95146
0.95146
0.95146
0.95146
0.95146
0.95146
0.95146
0.95146
0.95146
0.95146
0.95146
0.95146
0.95146
0.95146
0.95146
0.95146
0.95146
0.95146
0.95146
0.95146
0.95146
0.95146
0.95146
0.95146
0.95146
0.95146
0.95146
0.95146
0.95146
0.95146
0.95146
0.95146
0.95146
0.95146
0.95146
0.95146
0.95146
0.95146
0.95146
0.95146
0.95146
0.95146
0.95146
0.95146
0.95146
0.95146
0.95146
0.95146
0.95146
0.95146
0.95146
0.95146
0.95146
0.95146
0.95146
0.95146
0.95146
0.95146
0.95146
0.95146
0.95146
0.95146
0.95146
0.95146
0.95146
0.95146
0.95146
0.95146
0.95146
0.95146
0.95146
0.95146
0.95146
0.95146
0.95146
0.95146
0.95146
0.95146
0.95146
0.95146
0.95146
0.95146
0.95146
0.95146
0.95146
0.95146
0.95146
0.95146
0.95146
0.95146
0.95146
0.95146
0.95146
0.95146
0.95146
0.95146
0.95146
0.95146
0.95146
0.95146
0.95146
0.95146
0.95146
0.95146
0.95146
0.95146
0.95146
0.95146
0.95146
0.95146
0.95146
0.95146
0.95146
0.95146
0.95146
0.95146
0.95146
0.95146
0.95146
0.95146
0.95146
0.95146
0.95146
0.95146
0.95146
0.95146
0.95146
0.95146
0.95146
0.95146
0.95146
0.95146
0.95146
0.95146
0.95146
0.95146
0.95146
0.95146
0.95146
0.95146
0.95146
0.95146
0.95146
0.95146
0.95146
0.95146
0.95146
0.95146
0.95146
0.95146
0.95146
0.95146
0.95146
0.95146
0.95146
0.95146
0.95146
0.95146
0.95146
0.95146
0.95146
0.95146
0.95146
0.95146
0.95146
0.95146
0.95146
0.95146
0.95146
0.95146
0.95146
0.95146
0.95146
0.95146
0.95146
0.95146
0.95146
0.95146
0.95146
0.95146
0.95146
0.95146
0.95146
0.95146
0.95146
0.95146
0.95146
0.95146
0.95146
0.95146
0.95146
0.95146
0.95146
0.95146
0.95146
0.95146
0.95146
0.95146
0.95146
0.95146
0.95146
0.95146
0.95146
0.95146
0.95146
0.95146
0.95146
0.95146
0.95146
0.95146
0.95146
0.95146
0.95146
0.95146
0.95146
0.95146
0.95146
0.95146
0.95146
0.95146
0.95146
0.95146
0.95146
0.95146
0.95146
0.95146
0.95146
0.95146
0.95146
0.95146
0.95146
0.95146
0.95146
0.95146
0.95146
0.95146
0.95146
0.95146
0.95146
0.95146
0.95146
0.95146
0.95146
0.95146
0.95146
0.95146
0.95146
0.95146
0.95146
0.95146
0.95146
0.95146
0.95146
0.95146
0.95146
0.95146
0.95146
0.95146
0.95146
0.95146
0.95146
0.95146
0.95146
0.95146
0.95146
0.95146
0.95146
0.95146
0.95146
0.95146
0.95146
0.95146
0.95146
0.95146
0.95146
0.95146
0.95146
0.95146
0.95146
0.95146
0.95146
0.95146
0.95146
0.95146
0.95146
0.95146
0.95146
0.95146
0.95146
0.95146
0.95146
0.95146
0.95146
0.95146
0.95146
0.95146
0.95146
0.95146
0.95146
0.95146
0.95146
0.95146
0.95146
0.95146
0.95146
0.95146
0.95146
0.95146
0.95146
0.95146
0.95146
0.95146
0.95146
0.95146
0.95146
0.95146
0.95146
0.95146
0.95146
0.95146
0.95146
0.95146
0.95146
0.95146
0.95146
0.95146
0.95146
0.95146
0.95146
0.95146
0.95146
0.95146
0.95146
0.95146
0.95146
0.95146
0.95146
0.95146
0.95146
0.95146
0.95146
0.95146
0.95146
0.95146
0.95146
0.95146
0.95146
0.95146
0.95146
0.95146
0.95146
0.95146
0.95146
0.95146
0.95146
0.95146
0.95146
0.95146
0.95146
0.95146
0.95146
0.95146
0.95146
0.95146
0.95146
0.95146
0.95146
0.95146
0.95146
0.95146
0.95146
0.95146
0.95146
0.95146
0.95146
0.95146
0.95146
0.95146
0.95146
0.95146
0.95146
0.95146
0.95146
0.95146
0.95146
0.95146
0.95146
0.95146
0.95146
0.95146
0.95146
0.95146
0.95146
0.95146
0.95146
0.95146
0.95146
0.95146
0.95146
0.95146
0.95146
0.95146
0.95146
0.95146
0.95146
0.95146
0.95146
0.95146
0.95146
0.95146
0.95146
0.95146
0.95146
0.95146
0.95146
0.95146
0.95146
0.95146
0.95146
0.95146
0.95146
0.95146
0.95146
0.95146
0.95146
0.95146
0.95146
0.95146
0.95146
0.95146
0.95146
0.95146
0.95146
0.95146
0.95146
0.95146
0.95146
0.95146
0.95146
0.95146
0.95146
0.95146
0.95146
0.95146
0.95146
0.95146
0.95146
0.95146
0.95146
0.95146
0.95146
0.95146
0.95146
0.95146
0.95146
0.95146
0.95146
0.95146
0.95146
0.95146
0.95146
0.95146
0.95146
0.95146
0.95146
0.95146
0.95146
0.95146
0.95146
0.95146
0.95146
0.95146
0.95146
0.95146
0.95146
0.95146
0.95146
0.95146
0.95146
0.95146
0.95146
0.95146
0.95146
0.95146
0.95146
0.95146
0.95146
0.95146
0.95146
0.95146
0.95146
0.95146
0.95146
0.95146
0.95146
0.95146
0.95146
0.95146
0.95146
0.95146
0.95146
0.95146
0.95146
0.95146
0.95146
0.95146
0.95146
0.95146
0.95146
0.95146
0.95146
0.95146
0.95146
0.95146
0.95146
0.95146
0.95146
0.95146
0.95146
0.95146
0.95146
0.95146
0.95146
0.95146
0.95146
0.95146
0.95146
0.95146
0.95146
0.95146
0.95146
0.95146
0.95146
0.95146
0.95146
0.95146
0.95146
0.95146
0.95146
0.95146
0.95146
0.95146
0.95146
0.95146
0.95146
0.95146
0.95146
0.95146
0.95146
0.95146
0.95146
0.95146
0.95146
0.95146
0.95146
0.95146
0.95146
0.95146
0.95146
0.95146
0.95146
0.95146
0.95146
0.95146
0.95146
0.95146
0.95146
0.95146
0.95146
0.95146
0.95146
0.95146
0.95146
0.95146
0.95146
0.95146
0.95146
0.95146
0.95146
0.95146
0.95146
0.95146
0.95146
0.95146
0.95146
0.95146
0.95146
0.95146
0.95146
0.95146
0.95146
0.95146
0.95146
0.95146
0.95146
0.95146
0.95146
0.95146
0.95146
0.95146
0.95146
0.95146
0.95146
0.95146
0.95146
0.95146
0.95146
0.95146
0.95146
0.95146
0.95146
0.95146
0.95146
0.95146
0.95146
0.95146
0.95146
0.95146
0.95146
0.95146
0.95146
0.95146
0.95146
0.95146
0.95146
0.95146
0.95146
0.95146
0.95146
0.95146
0.95146
0.95146
0.95146
0.95146
0.95146
0.95146
0.95146
0.95146
0.95146
0.95146
0.95146
0.95146
0.95146
0.95146
0.95146
0.95146
0.95146
0.95146
0.95146
0.95146
0.95146
0.95146
0.95146
0.95146
0.95146
0.95146
0.95146
0.95146
0.95146
0.95146
0.95146
0.95146
0.95146
0.95146
0.95146
0.95146
0.95146
0.95146
0.95146
0.95146
0.95146
0.95146
0.95146
0.95146
0.95146
0.95146
0.95146
0.95146
0.95146
0.95146
0.95146
0.95146
0.95146
0.95146
0.95146
0.95146
0.95146
0.95146
0.95146
0.95146
0.95146
0.95146
0.95146
0.95146
0.95146
0.95146
0.95146
0.95146
0.95146
0.95146
0.95146
0.95146
0.95146
0.95146
0.95146
0.95146
0.95146
0.95146
0.95146
0.95146
0.95146
0.95146
0.95146
0.95146
0.95146
0.95146
0.95146
0.95146
0.95146
0.95146
0.95146
0.95146
0.95146
0.95146
0.95146
0.95146
0.95146
0.95146
0.95146
0.95146
0.95146
0.95146
0.95146
0.95146
0.95146
0.95146
0.95146
0.95146
0.95146
0.95146
0.95146
0.95146
0.95146
0.95146
0.95146
0.95146
0.95146
0.95146
0.95146
0.95146
0.95146
0.95146
0.95146
0.95146
0.95146
0.95146
0.95146
0.95146
0.95146
0.95146
0.95146
0.95146
0.95146
0.95146
0.95146
0.95146
0.95146
0.95146
0.95146
0.95146
0.95146
0.95146
0.95146
0.95146
0.95146
0.95146
0.95146
0.95146
0.95146
0.95146
0.95146
0.95146
0.95146
0.95146
0.95146
0.95146
0.95146
0.95146
0.95146
0.95146
0.95146
0.95146
0.95146
0.95146
0.95146
0.95146
0.95146
0.95146
0.95146
0.95146
0.95146
0.95146
0.95146
0.95146
0.95146
0.95146
0.95146
0.95146
0.95146
0.95146
0.95146
0.95146
0.95146
0.95146
0.95146
0.95146
0.95146
0.95146
0.95146
0.95146
0.95146
0.95146
0.95146
0.95146
0.95146
0.95146
0.95146
0.95146
0.95146
0.95146
0.95146
0.95146
0.95146
0.95146
0.95146
0.95146
0.95146
0.95146
0.95146
0.95146
0.95146
0.95146
0.95146
0.95146
0.95146
0.95146
0.95146
0.95146
0.95146
0.95146
0.95146
0.95146
0.95146
0.95146
0.95146
0.95146
0.95146
0.95146
0.95146
0.95146
0.95146
0.95146
0.95146
0.95146
0.95146
0.95146
0.95146
0.95146
0.95146
0.95146
0.95146
0.95146
0.95146
0.95146
0.95146
0.95146
0.95146
0.95146
0.95146
0.95146
0.95146
0.95146
0.95146
0.95146
0.95146
0.95146
0.95146
0.95146
0.95146
0.95146
0.95146
0.95146
0.95146
0.95146
0.95146
0.95146
0.95146
0.95146
0.95146
0.95146
0.95146
0.95146
0.95146
0.95146
0.95146
0.95146
0.95146
0.95146
0.95146
0.95146
0.95146
0.95146
0.95146
0.95146
0.95146
0.95146
0.95146
0.95146
0.95146
0.95146
0.95146
0.95146
0.95146
0.95146
0.95146
0.95146
0.95146
0.95146
0.95146
0.95146
0.95146
0.95146
0.95146
0.95146
0.95146
0.95146
0.95146
0.95146
0.95146
0.95146
0.95146
0.95146
0.95146
0.95146
0.95146
0.95146
0.95146
0.95146
0.95146
0.95146
