0.00000
0.00000
0.00089
0.00266
0.00531
0.00883
0.01321
0.01843
0.02450
0.03140
0.03912
0.04765
0.05697
0.06707
0.07794
0.08956
0.10192
0.11500
0.12879
0.14326
0.15841
0.17421
0.19065
0.20771
0.22536
0.24359
0.26238
0.28171
0.30156
0.32190
0.34271
0.36398
0.38568
0.40779
0.43029
0.45315
0.47634
0.49986
0.52367
0.54775
0.57208
0.59664
0.62139
0.64633
0.67141
0.69663
0.72195
0.74735
0.77281
0.79831
0.82382
0.84932
0.87479
0.90020
0.92553
0.95076
0.97586
1.00082
1.02562
1.05022
1.07461
1.09877
1.12269
1.14633
1.16967
1.19271
1.21542
1.23778
1.25978
1.28139
1.30260
1.32339
1.34375
1.36366
1.38311
1.40207
1.42054
1.43851
1.45595
1.47286
1.48922
1.50503
1.52026
1.53492
1.54900
1.56247
1.57534
1.58760
1.59923
1.61024
1.62061
1.63034
1.63943
1.64787
1.65566
1.66279
1.66927
1.67508
1.68024
1.68473
1.68856
1.69173
1.69423
1.69609
1.69728
1.69782
1.69771
1.69696
1.69557
1.69354
1.69087
1.68759
1.68369
1.67918
1.67406
1.66836
1.66207
1.65520
1.64776
1.63977
1.63124
1.62217
1.61258
1.60247
1.59187
1.58079
1.56922
1.55720
1.54474
1.53184
1.51852
1.50480
1.49069
1.47621
1.46137
1.44619
1.43068
1.41486
1.39875
1.38236
1.36571
1.34881
1.33168
1.31435
1.29682
1.27911
1.26124
1.24323
1.22509
1.20685
1.18851
1.17010
1.15164
1.13313
1.11460
1.09606
1.07753
1.05903
1.04058
1.02218
1.00386
0.98564
0.96752
0.94953
0.93167
0.91397
0.89645
0.87910
0.86196
0.84503
0.82833
0.81187
0.79566
0.77973
0.76407
0.74871
0.73365
0.71891
0.70450
0.69043
0.67670
0.66334
0.65035
0.63774
0.62552
0.61370
0.60228
0.59128
0.58070
0.57054
0.56082
0.55155
0.54272
0.53434
0.52642
0.51896
0.51196
0.50543
0.49938
0.49380
0.48870
0.48407
0.47993
0.47626
0.47308
0.47038
0.46815
0.46641
0.46515
0.46436
0.46404
0.46420
0.46482
0.46592
0.46747
0.46948
0.47194
0.47485
0.47820
0.48199
0.48621
0.49085
0.49591
0.50138
0.50725
0.51352
0.52017
0.52720
0.53460
0.54237
0.55048
0.55894
0.56773
0.57684
0.58627
0.59599
0.60601
0.61631
0.62687
0.63770
0.64877
0.66008
0.67161
0.68335
0.69530
0.70743
0.71973
0.73220
0.74483
0.75759
0.77047
0.78348
0.79658
0.80977
0.82304
0.83638
0.84976
0.86319
0.87664
0.89011
0.90358
0.91704
0.93047
0.94388
0.95724
0.97054
0.98377
0.99692
1.00998
1.02293
1.03577
1.04849
1.06107
1.07350
1.08577
1.09788
1.10981
1.12156
1.13310
1.14445
1.15557
1.16648
1.17715
1.18758
1.19776
1.20769
1.21735
1.22675
1.23586
1.24470
1.25324
1.26149
1.26943
1.27707
1.28439
1.29140
1.29809
1.30445
1.31049
1.31619
1.32155
1.32658
1.33126
1.33560
1.33960
1.34325
1.34655
1.34951
1.35211
1.35437
1.35627
1.35783
1.35904
1.35990
1.36042
1.36059
1.36042
1.35991
1.35906
1.35787
1.35636
1.35451
1.35235
1.34986
1.34705
1.34394
1.34051
1.33679
1.33276
1.32845
1.32385
1.31896
1.31381
1.30839
1.30270
1.29676
1.29058
1.28415
1.27749
1.27061
1.26350
1.25619
1.24867
1.24096
1.23307
1.22499
1.21675
1.20834
1.19978
1.19108
1.18225
1.17328
1.16420
1.15501
1.14572
1.13634
1.12688
1.11735
1.10776
1.09810
1.08841
1.07868
1.06892
1.05914
1.04935
1.03957
1.02979
1.02003
1.01029
1.00059
0.99093
0.98133
0.97178
0.96231
0.95291
0.94359
0.93437
0.92524
0.91623
0.90733
0.89855
0.88990
0.88139
0.87303
0.86481
0.85675
0.84886
0.84113
0.83358
0.82621
0.81903
0.81204
0.80525
0.79866
0.79227
0.78610
0.78015
0.77441
0.76890
0.76361
0.75856
0.75374
0.74915
0.74481
0.74071
0.73685
0.73324
0.72988
0.72676
0.72390
0.72129
0.71893
0.71683
0.71498
0.71338
0.71204
0.71095
0.71012
0.70953
0.70920
0.70912
0.70928
0.70969
0.71035
0.71125
0.71239
0.71377
0.71538
0.71723
0.71931
0.72161
0.72414
0.72688
0.72984
0.73301
0.73639
0.73997
0.74375
0.74772
0.75188
0.75623
0.76075
0.76545
0.77032
0.77535
0.78053
0.78587
0.79136
0.79698
0.80274
0.80863
0.81464
0.82077
0.82701
0.83335
0.83978
0.84631
0.85292
0.85961
0.86637
0.87320
0.88008
0.88702
0.89400
0.90102
0.90807
0.91514
0.92224
0.92934
0.93645
0.94357
0.95067
0.95776
0.96483
0.97187
0.97889
0.98586
0.99279
0.99966
1.00649
1.01324
1.01993
1.02655
1.03309
1.03954
1.04590
1.05217
1.05834
1.06440
1.07035
1.07619
1.08190
1.08750
1.09296
1.09829
1.10349
1.10854
1.11346
1.11822
1.12283
1.12729
1.13159
1.13573
1.13971
1.14353
1.14717
1.15064
1.15395
1.15707
1.16002
1.16280
1.16539
1.16780
1.17004
1.17209
1.17395
1.17563
1.17713
1.17845
1.17958
1.18052
1.18128
1.18186
1.18225
1.18246
1.18249
1.18234
1.18201
1.18151
1.18082
1.17997
1.17893
1.17773
1.17636
1.17483
1.17313
1.17127
1.16924
1.16707
1.16474
1.16226
1.15963
1.15686
1.15395
1.15091
1.14773
1.14442
1.14098
1.13743
1.13375
1.12997
1.12607
1.12206
1.11796
1.11376
1.10947
1.10508
1.10062
1.09607
1.09145
1.08677
1.08201
1.07720
1.07233
1.06741
1.06244
1.05743
1.05239
1.04731
1.04220
1.03708
1.03193
1.02678
1.02161
1.01644
1.01128
1.00612
1.00097
0.99583
0.99072
0.98563
0.98056
0.97554
0.97055
0.96560
0.96069
0.95584
0.95104
0.94630
0.94162
0.93701
0.93247
0.92800
0.92361
0.91930
0.91507
0.91093
0.90688
0.90293
0.89907
0.89531
0.89166
0.88810
0.88466
0.88133
0.87811
0.87500
0.87201
0.86914
0.86639
0.86376
0.86126
0.85888
0.85663
0.85451
0.85251
0.85065
0.84892
0.84732
0.84585
0.84452
0.84332
0.84225
0.84132
0.84052
0.83986
0.83932
0.83893
0.83866
0.83853
0.83853
0.83866
0.83892
0.83931
0.83983
0.84048
0.84125
0.84214
0.84316
0.84429
0.84555
0.84692
0.84841
0.85001
0.85172
0.85354
0.85546
0.85749
0.85962
0.86185
0.86418
0.86660
0.86911
0.87171
0.87439
0.87716
0.88000
0.88293
0.88592
0.88898
0.89212
0.89531
0.89856
0.90188
0.90524
0.90866
0.91212
0.91562
0.91917
0.92275
0.92636
0.93001
0.93368
0.93737
0.94108
0.94481
0.94855
0.95230
0.95605
0.95981
0.96356
0.96731
0.97105
0.97478
0.97849
0.98219
0.98586
0.98951
0.99314
0.99673
1.00028
1.00380
1.00728
1.01072
1.01411
1.01746
1.02075
1.02399
1.02717
1.03029
1.03335
1.03635
1.03928
1.04214
1.04493
1.04765
1.05030
1.05286
1.05535
1.05776
1.06009
1.06233
1.06449
1.06656
1.06854
1.07044
1.07224
1.07395
1.07558
1.07710
1.07853
1.07987
1.08112
1.08226
1.08331
1.08426
1.08512
1.08588
1.08654
1.08710
1.08757
1.08794
1.08821
1.08839
1.08847
1.08845
1.08834
1.08814
1.08784
1.08744
1.08696
1.08639
1.08572
1.08497
1.08413
1.08320
1.08219
1.08110
1.07992
1.07867
1.07733
1.07592
1.07443
1.07287
1.07124
1.06954
1.06777
1.06593
1.06403
1.06207
1.06005
1.05798
1.05584
1.05366
1.05142
1.04914
1.04681
1.04444
1.04203
1.03958
1.03709
1.03457
1.03202
1.02943
1.02683
1.02420
1.02155
1.01888
1.01619
1.01349
1.01078
1.00806
1.00534
1.00261
0.99988
0.99715
0.99443
0.99171
0.98901
0.98631
0.98363
0.98096
0.97831
0.97568
0.97308
0.97050
0.96794
0.96542
0.96293
0.96047
0.95805
0.95566
0.95331
0.95101
0.94875
0.94653
0.94436
0.94224
0.94017
0.93815
0.93618
0.93427
0.93241
0.93061
0.92887
0.92719
0.92557
0.92402
0.92252
0.92109
0.91972
0.91842
0.91719
0.91602
0.91493
0.91390
0.91294
0.91205
0.91122
0.91047
0.90979
0.90918
0.90864
0.90817
0.90778
0.90745
0.90719
0.90701
0.90689
0.90684
0.90687
0.90696
0.90712
0.90735
0.90764
0.90801
0.90843
0.90893
0.90949
0.91011
0.91079
0.91153
0.91234
0.91320
0.91413
0.91511
0.91614
0.91723
0.91837
0.91957
0.92081
0.92211
0.92345
0.92484
0.92627
0.92774
0.92926
0.93081
0.93241
0.93404
0.93570
0.93740
0.93913
0.94089
0.94267
0.94448
0.94632
0.94818
0.95006
0.95195
0.95387
0.95580
0.95774
0.95969
0.96166
0.96363
0.96560
0.96758
0.96957
0.97155
0.97353
0.97551
0.97748
0.97945
0.98141
0.98335
0.98529
0.98721
0.98912
0.99101
0.99288
0.99473
0.99656
0.99837
1.00015
1.00191
1.00364
1.00534
1.00701
1.00864
1.01025
1.01182
1.01336
1.01485
1.01632
1.01774
1.01912
1.02046
1.02176
1.02302
1.02424
1.02540
1.02653
1.02761
1.02864
1.02962
1.03056
1.03145
1.03229
1.03308
1.03382
1.03451
1.03515
1.03573
1.03627
1.03676
1.03719
1.03758
1.03791
1.03819
1.03842
1.03860
1.03872
1.03880
1.03882
1.03880
1.03872
1.03860
1.03842
1.03820
1.03793
1.03761
1.03724
1.03683
1.03637
1.03587
1.03532
1.03473
1.03409
1.03341
1.03270
1.03194
1.03114
1.03030
1.02943
1.02852
1.02757
1.02659
1.02558
1.02453
1.02345
1.02235
1.02121
1.02005
1.01886
1.01765
1.01641
1.01515
1.01387
1.01257
1.01125
1.00991
1.00856
1.00719
1.00581
1.00442
1.00302
1.00160
1.00018
0.99876
0.99732
0.99589
0.99445
0.99301
0.99157
0.99013
0.98869
0.98726
0.98583
0.98441
0.98299
0.98159
0.98019
0.97881
0.97744
0.97608
0.97474
0.97341
0.97210
0.97081
0.96953
0.96828
0.96705
0.96584
0.96465
0.96349
0.96235
0.96124
0.96016
0.95910
0.95807
0.95707
0.95610
0.95516
0.95425
0.95338
0.95253
0.95172
0.95094
0.95020
0.94949
0.94881
0.94817
0.94757
0.94700
0.94647
0.94598
0.94552
0.94510
0.94471
0.94437
0.94406
0.94378
0.94355
0.94335
0.94319
0.94307
0.94298
0.94293
0.94292
0.94295
0.94301
0.94310
0.94324
0.94340
0.94361
0.94384
0.94412
0.94442
0.94476
0.94513
0.94554
0.94597
0.94644
0.94694
0.94746
0.94802
0.94860
0.94922
0.94986
0.95052
0.95121
0.95193
0.95267
0.95343
0.95422
0.95503
0.95586
0.95670
0.95757
0.95846
0.95936
0.96028
0.96121
0.96216
0.96312
0.96409
0.96508
0.96607
0.96708
0.96809
0.96911
0.97014
0.97117
0.97221
0.97325
0.97429
0.97534
0.97639
0.97743
0.97848
0.97952
0.98056
0.98160
0.98263
0.98366
0.98468
0.98569
0.98670
0.98769
0.98868
0.98965
0.99061
0.99156
0.99250
0.99342
0.99433
0.99522
0.99610
0.99696
0.99780
0.99862
0.99943
1.00021
1.00098
1.00172
1.00244
1.00315
1.00382
1.00448
1.00511
1.00572
1.00631
1.00687
1.00741
1.00792
1.00840
1.00886
1.00930
1.00971
1.01009
1.01044
1.01077
1.01107
1.01135
1.01160
1.01182
1.01201
1.01218
1.01232
1.01243
1.01251
1.01257
1.01260
1.01261
1.01258
1.01254
1.01246
1.01236
1.01223
1.01208
1.01191
1.01170
1.01148
1.01123
1.01095
1.01066
1.01034
1.00999
1.00963
1.00924
1.00883
1.00841
1.00796
1.00749
1.00700
1.00650
1.00597
1.00543
1.00487
1.00430
1.00371
1.00311
1.00249
1.00186
1.00121
1.00055
0.99988
0.99920
0.99851
0.99781
0.99711
0.99639
0.99566
0.99493
0.99420
0.99345
0.99271
0.99195
0.99120
0.99044
0.98968
0.98892
0.98816
0.98740
0.98664
0.98588
0.98513
0.98437
0.98363
0.98288
0.98214
0.98141
0.98068
0.97995
0.97924
0.97853
0.97784
0.97715
0.97647
0.97580
0.97514
0.97450
0.97386
0.97324
0.97263
0.97203
0.97145
0.97088
0.97033
0.96979
0.96927
0.96876
0.96827
0.96780
0.96734
0.96690
0.96648
0.96607
0.96569
0.96532
0.96497
0.96464
0.96432
0.96403
0.96376
0.96350
0.96327
0.96305
0.96285
0.96268
0.96252
0.96238
0.96226
0.96217
0.96209
0.96203
0.96199
0.96197
0.96197
0.96199
0.96203
0.96209
0.96216
0.96226
0.96237
0.96250
0.96265
0.96282
0.96300
0.96321
0.96343
0.96366
0.96391
0.96418
0.96446
0.96476
0.96508
0.96541
0.96575
0.96610
0.96647
0.96686
0.96725
0.96766
0.96808
0.96851
0.96895
0.96940
0.96986
0.97033
0.97081
0.97130
0.97179
0.97230
0.97280
0.97332
0.97384
0.97437
0.97490
0.97544
0.97598
0.97652
0.97707
0.97762
0.97817
0.97872
0.97927
0.97983
0.98038
0.98093
0.98148
0.98203
0.98258
0.98312
0.98366
0.98420
0.98473
0.98526
0.98578
0.98630
0.98681
0.98732
0.98782
0.98831
0.98880
0.98927
0.98974
0.99020
0.99065
0.99109
0.99152
0.99195
0.99236
0.99276
0.99315
0.99352
0.99389
0.99424
0.99459
0.99492
0.99524
0.99554
0.99583
0.99611
0.99638
0.99663
0.99687
0.99709
0.99730
0.99750
0.99768
0.99785
0.99801
0.99815
0.99827
0.99838
0.99848
0.99856
0.99863
0.99869
0.99873
0.99875
0.99876
0.99876
0.99875
0.99872
0.99867
0.99861
0.99854
0.99846
0.99836
0.99825
0.99813
0.99799
0.99784
0.99768
0.99751
0.99732
0.99713
0.99692
0.99670
0.99647
0.99623
0.99598
0.99572
0.99545
0.99517
0.99488
0.99458
0.99428
0.99396
0.99364
0.99331
0.99298
0.99263
0.99228
0.99193
0.99157
0.99120
0.99083
0.99045
0.99007
0.98969
0.98930
0.98891
0.98852
0.98812
0.98773
0.98733
0.98693
0.98653
0.98613
0.98572
0.98532
0.98492
0.98452
0.98412
0.98373
0.98333
0.98294
0.98255
0.98216
0.98178
0.98140
0.98102
0.98065
0.98028
0.97992
0.97957
0.97921
0.97887
0.97853
0.97820
0.97787
0.97755
0.97724
0.97693
0.97664
0.97635
0.97607
0.97579
0.97553
0.97527
0.97502
0.97479
0.97456
0.97434
0.97413
0.97392
0.97373
0.97355
0.97338
0.97322
0.97307
0.97292
0.97279
0.97267
0.97256
0.97246
0.97237
0.97229
0.97222
0.97217
0.97212
0.97208
0.97205
0.97203
0.97203
0.97203
0.97205
0.97207
0.97210
0.97215
0.97220
0.97226
0.97233
0.97242
0.97251
0.97261
0.97272
0.97284
0.97296
0.97310
0.97324
0.97340
0.97356
0.97373
0.97390
0.97408
0.97428
0.97447
0.97468
0.97489
0.97510
0.97533
0.97556
0.97579
0.97603
0.97628
0.97653
0.97678
0.97704
0.97730
0.97757
0.97784
0.97811
0.97839
0.97867
0.97895
0.97923
0.97952
0.97981
0.98010
0.98039
0.98068
0.98097
0.98126
0.98155
0.98185
0.98214
0.98243
0.98272
0.98300
0.98329
0.98358
0.98386
0.98414
0.98442
0.98469
0.98497
0.98524
0.98550
0.98576
0.98602
0.98628
0.98653
0.98677
0.98701
0.98725
0.98748
0.98771
0.98793
0.98814
0.98835
0.98856
0.98875
0.98895
0.98913
0.98931
0.98948
0.98965
0.98981
0.98996
0.99010
0.99024
0.99037
0.99049
0.99061
0.99072
0.99082
0.99092
0.99100
0.99108
0.99115
0.99122
0.99127
0.99132
0.99136
0.99140
0.99142
0.99144
0.99145
0.99146
0.99145
0.99144
0.99142
0.99140
0.99137
0.99133
0.99128
0.99122
0.99116
0.99110
0.99102
0.99094
0.99085
0.99076
0.99066
0.99055
0.99044
0.99033
0.99020
0.99007
0.98994
0.98980
0.98966
0.98951
0.98935
0.98919
0.98903
0.98886
0.98869
0.98852
0.98834
0.98816
0.98797
0.98778
0.98759
0.98740
0.98720
0.98700
0.98680
0.98660
0.98639
0.98619
0.98598
0.98577
0.98556
0.98535
0.98514
0.98492
0.98471
0.98450
0.98429
0.98408
0.98387
0.98366
0.98345
0.98324
0.98303
0.98283
0.98262
0.98242
0.98222
0.98202
0.98183
0.98163
0.98144
0.98126
0.98107
0.98089
0.98071
0.98054
0.98037
0.98020
0.98004
0.97988
0.97972
0.97957
0.97942
0.97928
0.97914
0.97901
0.97888
0.97875
0.97863
0.97852
0.97841
0.97831
0.97821
0.97811
0.97802
0.97794
0.97786
0.97779
0.97772
0.97766
0.97760
0.97755
0.97751
0.97747
0.97743
0.97740
0.97738
0.97736
0.97735
0.97734
0.97734
0.97734
0.97735
0.97737
0.97739
0.97741
0.97744
0.97747
0.97751
0.97756
0.97761
0.97766
0.97772
0.97779
0.97786
0.97793
0.97801
0.97809
0.97818
0.97827
0.97836
0.97846
0.97856
0.97867
0.97877
0.97889
0.97900
0.97912
0.97924
0.97937
0.97950
0.97963
0.97976
0.97989
0.98003
0.98017
0.98031
0.98046
0.98060
0.98075
0.98089
0.98104
0.98119
0.98135
0.98150
0.98165
0.98180
0.98196
0.98211
0.98227
0.98242
0.98257
0.98273
0.98288
0.98303
0.98319
0.98334
0.98349
0.98364
0.98378
0.98393
0.98407
0.98422
0.98436
0.98450
0.98464
0.98477
0.98491
0.98504
0.98517
0.98529
0.98542
0.98554
0.98566
0.98577
0.98589
0.98599
0.98610
0.98620
0.98630
0.98640
0.98649
0.98658
0.98667
0.98675
0.98683
0.98691
0.98698
0.98705
0.98711
0.98717
0.98723
0.98728
0.98733
0.98737
0.98741
0.98745
0.98748
0.98751
0.98753
0.98755
0.98757
0.98758
0.98759
0.98760
0.98760
0.98759
0.98759
0.98758
0.98756
0.98754
0.98752
0.98749
0.98746
0.98743
0.98739
0.98735
0.98731
0.98726
0.98721
0.98716
0.98710
0.98704
0.98698
0.98691
0.98684
0.98677
0.98670
0.98662
0.98654
0.98646
0.98637
0.98629
0.98620
0.98611
0.98601
0.98592
0.98582
0.98572
0.98562
0.98552
0.98542
0.98532
0.98521
0.98510
0.98500
0.98489
0.98478
0.98467
0.98456
0.98445
0.98433
0.98422
0.98411
0.98400
0.98389
0.98378
0.98366
0.98355
0.98344
0.98333
0.98322
0.98311
0.98300
0.98290
0.98279
0.98269
0.98258
0.98248
0.98238
0.98228
0.98218
0.98208
0.98199
0.98189
0.98180
0.98171
0.98162
0.98154
0.98146
0.98137
0.98129
0.98122
0.98114
0.98107
0.98100
0.98093
0.98087
0.98081
0.98075
0.98069
0.98064
0.98058
0.98054
0.98049
0.98045
0.98041
0.98037
0.98033
0.98030
0.98027
0.98025
0.98022
0.98020
0.98019
0.98017
0.98016
0.98015
0.98015
0.98014
0.98014
0.98015
0.98015
0.98016
0.98017
0.98019
0.98020
0.98022
0.98024
0.98027
0.98030
0.98033
0.98036
0.98039
0.98043
0.98047
0.98051
0.98055
0.98060
0.98065
0.98070
0.98075
0.98081
0.98086
0.98092
0.98098
0.98104
0.98111
0.98117
0.98124
0.98130
0.98137
0.98144
0.98152
0.98159
0.98166
0.98174
0.98181
0.98189
0.98197
0.98205
0.98213
0.98221
0.98229
0.98237
0.98245
0.98253
0.98261
0.98269
0.98277
0.98285
0.98293
0.98302
0.98310
0.98318
0.98326
0.98334
0.98342
0.98349
0.98357
0.98365
0.98373
0.98380
0.98388
0.98395
0.98402
0.98409
0.98416
0.98423
0.98430
0.98437
0.98443
0.98449
0.98456
0.98462
0.98468
0.98473
0.98479
0.98484
0.98489
0.98494
0.98499
0.98504
0.98509
0.98513
0.98517
0.98521
0.98525
0.98528
0.98531
0.98534
0.98537
0.98540
0.98543
0.98545
0.98547
0.98549
0.98550
0.98552
0.98553
0.98554
0.98555
0.98555
0.98556
0.98556
0.98556
0.98556
0.98555
0.98555
0.98554
0.98553
0.98551
0.98550
0.98548
0.98547
0.98545
0.98542
0.98540
0.98537
0.98535
0.98532
0.98529
0.98526
0.98522
0.98519
0.98515
0.98511
0.98507
0.98503
0.98499
0.98494
0.98490
0.98485
0.98481
0.98476
0.98471
0.98466
0.98461
0.98455
0.98450
0.98445
0.98439
0.98434
0.98428
0.98422
0.98417
0.98411
0.98405
0.98399
0.98393
0.98388
0.98382
0.98376
0.98370
0.98364
0.98358
0.98352
0.98346
0.98340
0.98335
0.98329
0.98323
0.98317
0.98312
0.98306
0.98300
0.98295
0.98289
0.98284
0.98279
0.98273
0.98268
0.98263
0.98258
0.98253
0.98248
0.98244
0.98239
0.98235
0.98230
0.98226
0.98222
0.98218
0.98214
0.98210
0.98206
0.98203
0.98200
0.98196
0.98193
0.98190
0.98187
0.98185
0.98182
0.98180
0.98178
0.98176
0.98174
0.98172
0.98170
0.98169
0.98167
0.98166
0.98165
0.98164
0.98164
0.98163
0.98163
0.98162
0.98162
0.98162
0.98163
0.98163
0.98163
0.98164
0.98165
0.98166
0.98167
0.98168
0.98169
0.98171
0.98173
0.98174
0.98176
0.98178
0.98180
0.98183
0.98185
0.98187
0.98190
0.98193
0.98195
0.98198
0.98201
0.98204
0.98208
0.98211
0.98214
0.98218
0.98221
0.98225
0.98229
0.98232
0.98236
0.98240
0.98244
0.98248
0.98252
0.98256
0.98260
0.98264
0.98268
0.98273
0.98277
0.98281
0.98285
0.98290
0.98294
0.98298
0.98303
0.98307
0.98311
0.98315
0.98320
0.98324
0.98328
0.98332
0.98337
0.98341
0.98345
0.98349
0.98353
0.98357
0.98361
0.98365
0.98368
0.98372
0.98376
0.98379
0.98383
0.98386
0.98390
0.98393
0.98396
0.98400
0.98403
0.98406
0.98409
0.98411
0.98414
0.98417
0.98419
0.98422
0.98424
0.98426
0.98428
0.98430
0.98432
0.98434
0.98436
0.98438
0.98439
0.98440
0.98442
0.98443
0.98444
0.98445
0.98446
0.98446
0.98447
0.98448
0.98448
0.98448
0.98448
0.98448
0.98448
0.98448
0.98448
0.98448
0.98447
0.98446
0.98446
0.98445
0.98444
0.98443
0.98442
0.98441
0.98440
0.98438
0.98437
0.98435
0.98433
0.98432
0.98430
0.98428
0.98426
0.98424
0.98422
0.98420
0.98417
0.98415
0.98413
0.98410
0.98408
0.98405
0.98403
0.98400
0.98397
0.98394
0.98392
0.98389
0.98386
0.98383
0.98380
0.98377
0.98374
0.98371
0.98368
0.98365
0.98362
0.98358
0.98355
0.98352
0.98349
0.98346
0.98343
0.98340
0.98337
0.98334
0.98330
0.98327
0.98324
0.98321
0.98318
0.98315
0.98312
0.98310
0.98307
0.98304
0.98301
0.98298
0.98296
0.98293
0.98290
0.98288
0.98285
0.98283
0.98280
0.98278
0.98276
0.98273
0.98271
0.98269
0.98267
0.98265
0.98263
0.98261
0.98260
0.98258
0.98256
0.98255
0.98253
0.98252
0.98251
0.98249
0.98248
0.98247
0.98246
0.98245
0.98244
0.98244
0.98243
0.98242
0.98242
0.98242
0.98241
0.98241
0.98241
0.98241
0.98241
0.98241
0.98241
0.98241
0.98241
0.98242
0.98242
0.98243
0.98243
0.98244
0.98245
0.98245
0.98246
0.98247
0.98248
0.98249
0.98250
0.98252
0.98253
0.98254
0.98256
0.98257
0.98259
0.98260
0.98262
0.98263
0.98265
0.98267
0.98269
0.98270
0.98272
0.98274
0.98276
0.98278
0.98280
0.98282
0.98284
0.98286
0.98289
0.98291
0.98293
0.98295
0.98297
0.98300
0.98302
0.98304
0.98306
0.98309
0.98311
0.98313
0.98315
0.98318
0.98320
0.98322
0.98324
0.98327
0.98329
0.98331
0.98333
0.98335
0.98338
0.98340
0.98342
0.98344
0.98346
0.98348
0.98350
0.98352
0.98354
0.98356
0.98358
0.98359
0.98361
0.98363
0.98365
0.98366
0.98368
0.98370
0.98371
0.98373
0.98374
0.98375
0.98377
0.98378
0.98379
0.98380
0.98381
0.98382
0.98383
0.98384
0.98385
0.98386
0.98387
0.98388
0.98388
0.98389
0.98389
0.98390
0.98390
0.98391
0.98391
0.98391
0.98391
0.98392
0.98392
0.98392
0.98392
0.98391
0.98391
0.98391
0.98391
0.98390
0.98390
0.98390
0.98389
0.98389
0.98388
0.98387
0.98387
0.98386
0.98385
0.98384
0.98383
0.98382
0.98382
0.98380
0.98379
0.98378
0.98377
0.98376
0.98375
0.98374
0.98372
0.98371
0.98370
0.98368
0.98367
0.98365
0.98364
0.98363
0.98361
0.98360
0.98358
0.98356
0.98355
0.98353
0.98352
0.98350
0.98348
0.98347
0.98345
0.98344
0.98342
0.98340
0.98339
0.98337
0.98335
0.98334
0.98332
0.98330
0.98329
0.98327
0.98326
0.98324
0.98322
0.98321
0.98319
0.98318
0.98316
0.98315
0.98313
0.98312
0.98310
0.98309
0.98308
0.98306
0.98305
0.98304
0.98302
0.98301
0.98300
0.98299
0.98298
0.98297
0.98296
0.98294
0.98293
0.98293
0.98292
0.98291
0.98290
0.98289
0.98288
0.98288
0.98287
0.98286
0.98286
0.98285
0.98285
0.98284
0.98284
0.98283
0.98283
0.98283
0.98282
0.98282
0.98282
0.98282
0.98282
0.98282
0.98282
0.98282
0.98282
0.98282
0.98282
0.98282
0.98283
0.98283
0.98283
0.98284
0.98284
0.98285
0.98285
0.98286
0.98286
0.98287
0.98287
0.98288
0.98289
0.98289
0.98290
0.98291
0.98292
0.98292
0.98293
0.98294
0.98295
0.98296
0.98297
0.98298
0.98299
0.98300
0.98301
0.98302
0.98303
0.98304
0.98305
0.98306
0.98308
0.98309
0.98310
0.98311
0.98312
0.98313
0.98315
0.98316
0.98317
0.98318
0.98319
0.98321
0.98322
0.98323
0.98324
0.98325
0.98327
0.98328
0.98329
0.98330
0.98331
0.98332
0.98333
0.98335
0.98336
0.98337
0.98338
0.98339
0.98340
0.98341
0.98342
0.98343
0.98344
0.98345
0.98346
0.98347
0.98348
0.98349
0.98349
0.98350
0.98351
0.98352
0.98353
0.98353
0.98354
0.98355
0.98355
0.98356
0.98356
0.98357
0.98357
0.98358
0.98358
0.98359
0.98359
0.98360
0.98360
0.98360
0.98361
0.98361
0.98361
0.98361
0.98361
0.98361
0.98362
0.98362
0.98362
0.98362
0.98362
0.98361
0.98361
0.98361
0.98361
0.98361
0.98361
0.98360
0.98360
0.98360
0.98360
0.98359
0.98359
0.98358
0.98358
0.98358
0.98357
0.98357
0.98356
0.98356
0.98355
0.98354
0.98354
0.98353
0.98353
0.98352
0.98351
0.98350
0.98350
0.98349
0.98348
0.98348
0.98347
0.98346
0.98345
0.98344
0.98344
0.98343
0.98342
0.98341
0.98340
0.98339
0.98339
0.98338
0.98337
0.98336
0.98335
0.98334
0.98333
0.98332
0.98332
0.98331
0.98330
0.98329
0.98328
0.98327
0.98326
0.98326
0.98325
0.98324
0.98323
0.98322
0.98322
0.98321
0.98320
0.98319
0.98318
0.98318
0.98317
0.98316
0.98316
0.98315
0.98314
0.98314
0.98313
0.98312
0.98312
0.98311
0.98311
0.98310
0.98310
0.98309
0.98309
0.98308
0.98308
0.98307
0.98307
0.98307
0.98306
0.98306
0.98306
0.98305
0.98305
0.98305
0.98305
0.98304
0.98304
0.98304
0.98304
0.98304
0.98304
0.98304
0.98304
0.98304
0.98304
0.98304
0.98304
0.98304
0.98304
0.98304
0.98304
0.98304
0.98304
0.98305
0.98305
0.98305
0.98305
0.98306
0.98306
0.98306
0.98307
0.98307
0.98307
0.98308
0.98308
0.98309
0.98309
0.98309
0.98310
0.98310
0.98311
0.98311
0.98312
0.98312
0.98313
0.98313
0.98314
0.98315
0.98315
0.98316
0.98316
0.98317
0.98317
0.98318
0.98319
0.98319
0.98320
0.98321
0.98321
0.98322
0.98322
0.98323
0.98324
0.98324
0.98325
0.98326
0.98326
0.98327
0.98327
0.98328
0.98329
0.98329
0.98330
0.98330
0.98331
0.98332
0.98332
0.98333
0.98333
0.98334
0.98335
0.98335
0.98336
0.98336
0.98337
0.98337
0.98338
0.98338
0.98339
0.98339
0.98339
0.98340
0.98340
0.98341
0.98341
0.98341
0.98342
0.98342
0.98343
0.98343
0.98343
0.98343
0.98344
0.98344
0.98344
0.98344
0.98345
0.98345
0.98345
0.98345
0.98345
0.98345
0.98345
0.98346
0.98346
0.98346
0.98346
0.98346
0.98346
0.98346
0.98346
0.98346
0.98346
0.98346
0.98345
0.98345
0.98345
0.98345
0.98345
0.98345
0.98345
0.98344
0.98344
0.98344
0.98344
0.98344
0.98343
0.98343
0.98343
0.98342
0.98342
0.98342
0.98342
0.98341
0.98341
0.98340
0.98340
0.98340
0.98339
0.98339
0.98339
0.98338
0.98338
0.98337
0.98337
0.98337
0.98336
0.98336
0.98335
0.98335
0.98334
0.98334
0.98333
0.98333
0.98333
0.98332
0.98332
0.98331
0.98331
0.98330
0.98330
0.98329
0.98329
0.98328
0.98328
0.98327
0.98327
0.98327
0.98326
0.98326
0.98325
0.98325
0.98324
0.98324
0.98324
0.98323
0.98323
0.98322
0.98322
0.98322
0.98321
0.98321
0.98321
0.98320
0.98320
0.98320
0.98319
0.98319
0.98319
0.98318
0.98318
0.98318
0.98318
0.98317
0.98317
0.98317
0.98317
0.98317
0.98316
0.98316
0.98316
0.98316
0.98316
0.98316
0.98316
0.98316
0.98315
0.98315
0.98315
0.98315
0.98315
0.98315
0.98315
0.98315
0.98315
0.98315
0.98315
0.98315
0.98315
0.98315
0.98315
0.98316
0.98316
0.98316
0.98316
0.98316
0.98316
0.98316
0.98316
0.98317
0.98317
0.98317
0.98317
0.98317
0.98318
0.98318
0.98318
0.98318
0.98319
0.98319
0.98319
0.98319
0.98320
0.98320
0.98320
0.98320
0.98321
0.98321
0.98321
0.98322
0.98322
0.98322
0.98323
0.98323
0.98323
0.98324
0.98324
0.98324
0.98325
0.98325
0.98325
0.98325
0.98326
0.98326
0.98327
0.98327
0.98327
0.98327
0.98328
0.98328
0.98328
0.98329
0.98329
0.98329
0.98330
0.98330
0.98330
0.98331
0.98331
0.98331
0.98332
0.98332
0.98332
0.98332
0.98333
0.98333
0.98333
0.98333
0.98334
0.98334
0.98334
0.98334
0.98335
0.98335
0.98335
0.98335
0.98335
0.98336
0.98336
0.98336
0.98336
0.98336
0.98336
0.98336
0.98337
0.98337
0.98337
0.98337
0.98337
0.98337
0.98337
0.98337
0.98337
0.98337
0.98337
0.98337
0.98337
0.98337
0.98337
0.98337
0.98337
0.98337
0.98337
0.98337
0.98337
0.98337
0.98337
0.98337
0.98337
0.98337
0.98337
0.98337
0.98337
0.98336
0.98336
0.98336
0.98336
0.98336
0.98336
0.98336
0.98335
0.98335
0.98335
0.98335
0.98335
0.98335
0.98334
0.98334
0.98334
0.98334
0.98334
0.98333
0.98333
0.98333
0.98333
0.98332
0.98332
0.98332
0.98332
0.98332
0.98331
0.98331
0.98331
0.98331
0.98330
0.98330
0.98330
0.98330
0.98329
0.98329
0.98329
0.98329
0.98328
0.98328
0.98328
0.98328
0.98327
0.98327
0.98327
0.98327
0.98327
0.98326
0.98326
0.98326
0.98326
0.98325
0.98325
0.98325
0.98325
0.98325
0.98324
0.98324
0.98324
0.98324
0.98324
0.98324
0.98323
0.98323
0.98323
0.98323
0.98323
0.98323
0.98323
0.98322
0.98322
0.98322
0.98322
0.98322
0.98322
0.98322
0.98322
0.98322
0.98322
0.98322
0.98321
0.98321
0.98321
0.98321
0.98321
0.98321
0.98321
0.98321
0.98321
0.98321
0.98321
0.98321
0.98321
0.98321
0.98321
0.98321
0.98321
0.98321
0.98322
0.98322
0.98322
0.98322
0.98322
0.98322
0.98322
0.98322
0.98322
0.98322
0.98322
0.98322
0.98323
0.98323
0.98323
0.98323
0.98323
0.98323
0.98323
0.98323
0.98324
0.98324
0.98324
0.98324
0.98324
0.98324
0.98325
0.98325
0.98325
0.98325
0.98325
0.98325
0.98326
0.98326
0.98326
0.98326
0.98326
0.98326
0.98327
0.98327
0.98327
0.98327
0.98327
0.98327
0.98328
0.98328
0.98328
0.98328
0.98328
0.98328
0.98329
0.98329
0.98329
0.98329
0.98329
0.98329
0.98330
0.98330
0.98330
0.98330
0.98330
0.98330
0.98331
0.98331
0.98331
0.98331
0.98331
0.98331
0.98331
0.98331
0.98332
0.98332
0.98332
0.98332
0.98332
0.98332
0.98332
0.98332
0.98332
0.98332
0.98332
0.98333
0.98333
0.98333
0.98333
0.98333
0.98333
0.98333
0.98333
0.98333
0.98333
0.98333
0.98333
0.98333
0.98333
0.98333
0.98333
0.98333
0.98333
0.98333
0.98333
0.98333
0.98333
0.98333
0.98333
0.98333
0.98333
0.98333
0.98333
0.98333
0.98333
0.98332
0.98332
0.98332
0.98332
0.98332
0.98332
0.98332
0.98332
0.98332
0.98332
0.98332
0.98332
0.98331
0.98331
0.98331
0.98331
0.98331
0.98331
0.98331
0.98331
0.98331
0.98330
0.98330
0.98330
0.98330
0.98330
0.98330
0.98330
0.98330
0.98329
0.98329
0.98329
0.98329
0.98329
0.98329
0.98329
0.98329
0.98328
0.98328
0.98328
0.98328
0.98328
0.98328
0.98328
0.98328
0.98327
0.98327
0.98327
0.98327
0.98327
0.98327
0.98327
0.98327
0.98327
0.98326
0.98326
0.98326
0.98326
0.98326
0.98326
0.98326
0.98326
0.98326
0.98326
0.98325
0.98325
0.98325
0.98325
0.98325
0.98325
0.98325
0.98325
0.98325
0.98325
0.98325
0.98325
0.98325
0.98325
0.98325
0.98325
0.98325
0.98325
0.98325
0.98325
0.98324
0.98324
0.98324
0.98324
0.98324
0.98324
0.98324
0.98324
0.98324
0.98324
0.98324
0.98324
0.98325
0.98325
0.98325
0.98325
0.98325
0.98325
0.98325
0.98325
0.98325
0.98325
0.98325
0.98325
0.98325
0.98325
0.98325
0.98325
0.98325
0.98325
0.98325
0.98325
0.98325
0.98326
0.98326
0.98326
0.98326
0.98326
0.98326
0.98326
0.98326
0.98326
0.98326
0.98326
0.98326
0.98327
0.98327
0.98327
0.98327
0.98327
0.98327
0.98327
0.98327
0.98327
0.98327
0.98327
0.98328
0.98328
0.98328
0.98328
0.98328
0.98328
0.98328
0.98328
0.98328
0.98328
0.98328
0.98329
0.98329
0.98329
0.98329
0.98329
0.98329
0.98329
0.98329
0.98329
0.98329
0.98329
0.98329
0.98330
0.98330
0.98330
0.98330
0.98330
0.98330
0.98330
0.98330
0.98330
0.98330
0.98330
0.98330
0.98330
0.98330
0.98330
0.98330
0.98330
0.98330
0.98330
0.98330
0.98330
0.98331
0.98331
0.98331
0.98331
0.98331
0.98331
0.98331
0.98331
0.98331
0.98331
0.98331
0.98331
0.98331
0.98331
0.98331
0.98331
0.98331
0.98331
0.98331
0.98331
0.98331
0.98331
0.98330
0.98330
0.98330
0.98330
0.98330
0.98330
0.98330
0.98330
0.98330
0.98330
0.98330
0.98330
0.98330
0.98330
0.98330
0.98330
0.98330
0.98330
0.98330
0.98330
0.98330
0.98330
0.98329
0.98329
0.98329
0.98329
0.98329
0.98329
0.98329
0.98329
0.98329
0.98329
0.98329
0.98329
0.98329
0.98329
0.98329
0.98328
0.98328
0.98328
0.98328
0.98328
0.98328
0.98328
0.98328
0.98328
0.98328
0.98328
0.98328
0.98328
0.98328
0.98328
0.98328
0.98327
0.98327
0.98327
0.98327
0.98327
0.98327
0.98327
0.98327
0.98327
0.98327
0.98327
0.98327
0.98327
0.98327
0.98327
0.98327
0.98327
0.98327
0.98327
0.98327
0.98326
0.98326
0.98326
0.98326
0.98326
0.98326
0.98326
0.98326
0.98326
0.98326
0.98326
0.98326
0.98326
0.98326
0.98326
0.98326
0.98326
0.98326
0.98326
0.98326
0.98326
0.98326
0.98326
0.98326
0.98326
0.98326
0.98326
0.98326
0.98326
0.98326
0.98326
0.98326
0.98326
0.98326
0.98326
0.98326
0.98326
0.98326
0.98326
0.98326
0.98326
0.98326
0.98327
0.98327
0.98327
0.98327
0.98327
0.98327
0.98327
0.98327
0.98327
0.98327
0.98327
0.98327
0.98327
0.98327
0.98327
0.98327
0.98327
0.98327
0.98327
0.98327
0.98327
0.98327
0.98327
0.98328
0.98328
0.98328
0.98328
0.98328
0.98328
0.98328
0.98328
0.98328
0.98328
0.98328
0.98328
0.98328
0.98328
0.98328
0.98328
0.98328
0.98328
0.98328
0.98328
0.98328
0.98329
0.98329
0.98329
0.98329
0.98329
0.98329
0.98329
0.98329
0.98329
0.98329
0.98329
0.98329
0.98329
0.98329
0.98329
0.98329
0.98329
0.98329
0.98329
0.98329
0.98329
0.98329
0.98329
0.98329
0.98329
0.98329
0.98329
0.98329
0.98329
0.98329
0.98329
0.98329
0.98329
0.98329
0.98329
0.98329
0.98329
0.98329
0.98329
0.98329
0.98329
0.98329
0.98329
0.98329
0.98329
0.98329
0.98329
0.98329
0.98329
0.98329
0.98329
0.98329
0.98329
0.98329
0.98329
0.98329
0.98329
0.98329
0.98329
0.98329
0.98329
0.98329
0.98329
0.98329
0.98329
0.98329
0.98329
0.98329
0.98329
0.98329
0.98329
0.98329
0.98329
0.98329
0.98329
0.98329
0.98329
0.98329
0.98329
0.98329
0.98329
0.98329
0.98328
0.98328
0.98328
0.98328
0.98328
0.98328
0.98328
0.98328
0.98328
0.98328
0.98328
0.98328
0.98328
0.98328
0.98328
0.98328
0.98328
0.98328
0.98328
0.98328
0.98328
0.98328
0.98328
0.98328
0.98328
0.98328
0.98328
0.98328
0.98328
0.98328
0.98327
0.98327
0.98327
0.98327
0.98327
0.98327
0.98327
0.98327
0.98327
0.98327
0.98327
0.98327
0.98327
0.98327
0.98327
0.98327
0.98327
0.98327
0.98327
0.98327
0.98327
0.98327
0.98327
0.98327
0.98327
0.98327
0.98327
0.98327
0.98327
0.98327
0.98327
0.98327
0.98327
0.98327
0.98327
0.98327
0.98327
0.98327
0.98327
0.98327
0.98327
0.98327
0.98327
0.98327
0.98327
0.98327
0.98327
0.98327
0.98327
0.98327
0.98327
0.98327
0.98327
0.98327
0.98327
0.98327
0.98327
0.98327
0.98327
0.98327
0.98327
0.98327
0.98327
0.98327
0.98327
0.98327
0.98327
0.98328
0.98328
0.98328
0.98328
0.98328
0.98328
0.98328
0.98328
0.98328
0.98328
0.98328
0.98328
0.98328
0.98328
0.98328
0.98328
0.98328
0.98328
0.98328
0.98328
0.98328
0.98328
0.98328
0.98328
0.98328
0.98328
0.98328
0.98328
0.98328
0.98328
0.98328
0.98328
0.98328
0.98328
0.98328
0.98328
0.98328
0.98328
0.98328
0.98328
0.98328
0.98328
0.98329
0.98329
0.98329
0.98329
0.98329
0.98329
0.98329
0.98329
0.98329
0.98329
0.98329
0.98329
0.98329
0.98329
0.98329
0.98329
0.98329
0.98329
0.98329
0.98329
0.98329
0.98329
0.98329
0.98329
0.98329
0.98329
0.98329
0.98329
0.98329
0.98329
0.98329
0.98329
0.98329
0.98329
0.98329
0.98329
0.98329
0.98329
0.98329
0.98329
0.98329
0.98329
0.98329
0.98329
0.98329
0.98329
0.98329
0.98329
0.98329
0.98329
0.98329
0.98329
0.98329
0.98329
0.98329
0.98329
0.98329
0.98329
0.98328
0.98328
0.98328
0.98328
0.98328
0.98328
0.98328
0.98328
0.98328
0.98328
0.98328
0.98328
0.98328
0.98328
0.98328
0.98328
0.98328
0.98328
0.98328
0.98328
0.98328
0.98328
0.98328
0.98328
0.98328
0.98328
0.98328
0.98328
0.98328
0.98328
0.98328
0.98328
0.98328
0.98328
0.98328
0.98328
0.98328
0.98328
0.98328
0.98328
0.98328
0.98328
0.98328
0.98328
0.98328
0.98328
0.98328
0.98328
0.98328
0.98328
0.98328
0.98328
0.98328
0.98328
0.98328
0.98328
0.98328
0.98328
0.98328
0.98328
0.98328
0.98328
0.98328
0.98328
0.98328
0.98328
0.98328
0.98328
0.98328
0.98328
0.98328
0.98328
0.98328
0.98328
0.98328
0.98328
0.98328
0.98328
0.98328
0.98328
0.98328
0.98328
0.98328
0.98328
0.98328
0.98328
0.98328
0.98328
0.98328
0.98328
0.98328
0.98328
0.98328
0.98328
0.98328
0.98328
0.98328
0.98328
0.98328
0.98328
0.98328
0.98328
0.98328
0.98328
0.98328
0.98328
0.98328
0.98328
0.98328
0.98328
0.98328
0.98328
0.98328
0.98328
0.98328
0.98328
0.98328
0.98328
0.98328
0.98328
0.98328
0.98328
0.98328
0.98328
0.98328
0.98328
0.98328
0.98328
0.98328
0.98328
0.98328
0.98328
0.98328
0.98328
0.98328
0.98328
0.98328
0.98328
0.98328
0.98328
0.98328
0.98328
0.98328
0.98328
0.98328
0.98328
0.98328
0.98328
0.98328
0.98328
0.98328
0.98328
0.98328
0.98328
0.98328
0.98328
0.98328
0.98328
0.98328
0.98328
0.98328
0.98328
0.98328
0.98328
0.98328
0.98328
0.98328
0.98328
0.98328
0.98328
0.98328
0.98328
0.98328
0.98328
0.98328
0.98328
0.98328
0.98328
0.98328
0.98328
0.98328
0.98328
0.98328
0.98328
0.98328
0.98328
0.98328
0.98328
0.98328
0.98328
0.98328
0.98328
0.98328
0.98328
0.98328
0.98328
0.98328
0.98328
0.98328
0.98328
0.98328
0.98328
0.98328
0.98328
0.98328
0.98328
0.98328
0.98328
0.98328
0.98328
0.98328
0.98328
0.98328
0.98328
0.98328
0.98328
0.98328
0.98328
0.98328
0.98328
0.98328
0.98328
0.98328
0.98328
0.98328
0.98328
0.98328
0.98328
0.98328
0.98328
0.98328
0.98328
0.98328
0.98328
0.98328
0.98328
0.98328
0.98328
0.98328
0.98328
0.98328
0.98328
0.98328
0.98328
0.98328
0.98328
0.98328
0.98328
0.98328
0.98328
0.98328
0.98328
0.98328
0.98328
0.98328
0.98328
0.98328
0.98328
0.98328
0.98328
0.98328
0.98328
0.98328
0.98328
0.98328
0.98328
0.98328
0.98328
0.98328
0.98328
0.98328
0.98328
0.98328
0.98328
0.98328
0.98328
0.98328
0.98328
0.98328
0.98328
0.98328
0.98328
0.98328
0.98328
0.98328
0.98328
0.98328
0.98328
0.98328
0.98328
0.98328
0.98328
0.98328
0.98328
0.98328
0.98328
0.98328
0.98328
0.98328
0.98328
0.98328
0.98328
0.98328
0.98328
0.98328
0.98328
0.98328
0.98328
0.98328
0.98328
0.98328
0.98328
0.98328
0.98328
0.98328
0.98328
0.98328
0.98328
0.98328
0.98328
0.98328
0.98328
0.98328
0.98328
0.98328
0.98328
0.98328
0.98328
0.98328
0.98328
0.98328
0.98328
0.98328
0.98328
0.98328
0.98328
0.98328
0.98328
0.98328
0.98328
0.98328
0.98328
0.98328
0.98328
0.98328
0.98328
0.98328
0.98328
0.98328
0.98328
0.98328
0.98328
0.98328
0.98328
0.98328
0.98328
0.98328
0.98328
0.98328
0.98328
0.98328
0.98328
0.98328
0.98328
0.98328
0.98328
0.98328
0.98328
0.98328
0.98328
0.98328
0.98328
0.98328
0.98328
0.98328
0.98328
0.98328
0.98328
0.98328
0.98328
0.98328
0.98328
0.98328
0.98328
0.98328
0.98328
0.98328
0.98328
0.98328
0.98328
0.98328
0.98328
0.98328
0.98328
0.98328
0.98328
0.98328
0.98328
0.98328
0.98328
0.98328
0.98328
0.98328
0.98328
0.98328
0.98328
0.98328
0.98328
0.98328
0.98328
0.98328
0.98328
0.98328
0.98328
0.98328
0.98328
0.98328
0.98328
0.98328
0.98328
0.98328
0.98328
0.98328
0.98328
0.98328
0.98328
0.98328
0.98328
0.98328
0.98328
0.98328
0.98328
0.98328
0.98328
0.98328
0.98328
0.98328
0.98328
0.98328
0.98328
0.98328
0.98328
0.98328
0.98328
0.98328
0.98328
0.98328
0.98328
0.98328
0.98328
0.98328
0.98328
0.98328
0.98328
0.98328
0.98328
0.98328
0.98328
0.98328
0.98328
0.98328
0.98328
0.98328
0.98328
0.98328
0.98328
0.98328
0.98328
0.98328
0.98328
0.98328
0.98328
0.98328
0.98328
0.98328
0.98328
0.98328
0.98328
0.98328
0.98328
0.98328
0.98328
0.98328
0.98328
0.98328
0.98328
0.98328
0.98328
0.98328
0.98328
0.98328
0.98328
0.98328
0.98328
0.98328
0.98328
0.98328
0.98328
0.98328
0.98328
0.98328
0.98328
0.98328
0.98328
0.98328
0.98328
0.98328
0.98328
0.98328
0.98328
0.98328
0.98328
0.98328
0.98328
0.98328
0.98328
0.98328
0.98328
0.98328
0.98328
0.98328
0.98328
0.98328
0.98328
0.98328
0.98328
0.98328
0.98328
0.98328
0.98328
0.98328
0.98328
0.98328
0.98328
0.98328
0.98328
0.98328
0.98328
0.98328
0.98328
0.98328
0.98328
0.98328
0.98328
0.98328
0.98328
0.98328
0.98328
0.98328
0.98328
0.98328
0.98328
0.98328
0.98328
0.98328
0.98328
0.98328
0.98328
0.98328
0.98328
0.98328
0.98328
0.98328
0.98328
0.98328
0.98328
0.98328
0.98328
0.98328
0.98328
0.98328
0.98328
0.98328
0.98328
0.98328
0.98328
0.98328
0.98328
0.98328
0.98328
0.98328
0.98328
0.98328
0.98328
0.98328
0.98328
0.98328
0.98328
0.98328
0.98328
0.98328
0.98328
0.98328
0.98328
0.98328
0.98328
0.98328
0.98328
0.98328
0.98328
0.98328
0.98328
0.98328
0.98328
0.98328
0.98328
0.98328
0.98328
0.98328
0.98328
0.98328
0.98328
0.98328
0.98328
0.98328
0.98328
0.98328
0.98328
0.98328
0.98328
0.98328
0.98328
0.98328
0.98328
0.98328
0.98328
0.98328
0.98328
0.98328
0.98328
0.98328
0.98328
0.98328
0.98328
0.98328
0.98328
0.98328
0.98328
0.98328
0.98328
0.98328
0.98328
0.98328
0.98328
0.98328
0.98328
0.98328
0.98328
0.98328
0.98328
0.98328
0.98328
0.98328
0.98328
0.98328
0.98328
0.98328
0.98328
0.98328
0.98328
0.98328
0.98328
0.98328
0.98328
0.98328
0.98328
0.98328
0.98328
0.98328
0.98328
0.98328
0.98328
0.98328
0.98328
0.98328
0.98328
0.98328
0.98328
0.98328
0.98328
0.98328
0.98328
0.98328
0.98328
0.98328
0.98328
0.98328
0.98328
0.98328
0.98328
0.98328
0.98328
0.98328
0.98328
0.98328
0.98328
0.98328
0.98328
0.98328
0.98328
0.98328
0.98328
0.98328
0.98328
0.98328
0.98328
0.98328
0.98328
0.98328
0.98328
0.98328
0.98328
0.98328
0.98328
0.98328
0.98328
0.98328
0.98328
0.98328
0.98328
0.98328
0.98328
0.98328
0.98328
0.98328
0.98328
0.98328
0.98328
0.98328
0.98328
0.98328
0.98328
0.98328
0.98328
0.98328
0.98328
0.98328
0.98328
0.98328
0.98328
0.98328
0.98328
0.98328
0.98328
0.98328
0.98328
0.98328
0.98328
0.98328
0.98328
0.98328
0.98328
0.98328
0.98328
0.98328
0.98328
0.98328
0.98328
0.98328
0.98328
0.98328
0.98328
0.98328
0.98328
0.98328
0.98328
0.98328
0.98328
0.98328
0.98328
0.98328
0.98328
0.98328
0.98328
0.98328
0.98328
0.98328
0.98328
0.98328
0.98328
0.98328
0.98328
0.98328
0.98328
0.98328
0.98328
0.98328
0.98328
0.98328
0.98328
0.98328
0.98328
0.98328
0.98328
0.98328
0.98328
0.98328
0.98328
0.98328
0.98328
0.98328
0.98328
0.98328
0.98328
0.98328
0.98328
0.98328
0.98328
0.98328
0.98328
0.98328
0.98328
0.98328
0.98328
0.98328
0.98328
0.98328
0.98328
0.98328
0.98328
0.98328
0.98328
0.98328
0.98328
0.98328
0.98328
0.98328
0.98328
0.98328
0.98328
0.98328
0.98328
0.98328
0.98328
0.98328
0.98328
0.98328
0.98328
0.98328
0.98328
0.98328
0.98328
0.98328
0.98328
0.98328
0.98328
0.98328
0.98328
0.98328
0.98328
0.98328
0.98328
0.98328
0.98328
0.98328
0.98328
0.98328
0.98328
0.98328
0.98328
0.98328
0.98328
0.98328
0.98328
0.98328
0.98328
0.98328
0.98328
0.98328
0.98328
0.98328
0.98328
0.98328
0.98328
0.98328
0.98328
0.98328
0.98328
0.98328
0.98328
0.98328
0.98328
0.98328
0.98328
0.98328
0.98328
0.98328
0.98328
0.98328
0.98328
0.98328
0.98328
0.98328
0.98328
0.98328
0.98328
0.98328
0.98328
0.98328
0.98328
0.98328
0.98328
0.98328
0.98328
0.98328
0.98328
0.98328
0.98328
0.98328
0.98328
0.98328
0.98328
0.98328
0.98328
0.98328
0.98328
0.98328
0.98328
0.98328
0.98328
0.98328
0.98328
0.98328
0.98328
0.98328
0.98328
0.98328
0.98328
0.98328
0.98328
0.98328
0.98328
0.98328
0.98328
0.98328
0.98328
0.98328
0.98328
0.98328
0.98328
0.98328
0.98328
0.98328
0.98328
0.98328
0.98328
0.98328
0.98328
0.98328
0.98328
0.98328
0.98328
0.98328
0.98328
0.98328
0.98328
0.98328
0.98328
0.98328
0.98328
0.98328
0.98328
0.98328
0.98328
0.98328
0.98328
0.98328
0.98328
0.98328
0.98328
0.98328
0.98328
0.98328
0.98328
0.98328
0.98328
0.98328
0.98328
0.98328
0.98328
0.98328
0.98328
0.98328
0.98328
0.98328
0.98328
0.98328
0.98328
0.98328
0.98328
0.98328
0.98328
0.98328
0.98328
0.98328
0.98328
0.98328
0.98328
0.98328
0.98328
0.98328
0.98328
0.98328
0.98328
0.98328
0.98328
0.98328
0.98328
0.98328
0.98328
0.98328
0.98328
0.98328
0.98328
0.98328
0.98328
0.98328
0.98328
0.98328
0.98328
0.98328
0.98328
0.98328
0.98328
0.98328
0.98328
0.98328
0.98328
0.98328
0.98328
0.98328
0.98328
0.98328
0.98328
0.98328
0.98328
0.98328
0.98328
0.98328
0.98328
0.98328
0.98328
0.98328
0.98328
0.98328
0.98328
0.98328
0.98328
0.98328
0.98328
0.98328
0.98328
0.98328
0.98328
0.98328
0.98328
0.98328
0.98328
0.98328
0.98328
0.98328
0.98328
0.98328
0.98328
0.98328
0.98328
0.98328
0.98328
0.98328
0.98328
0.98328
0.98328
0.98328
0.98328
0.98328
0.98328
0.98328
0.98328
0.98328
0.98328
0.98328
0.98328
0.98328
0.98328
0.98328
0.98328
0.98328
0.98328
0.98328
0.98328
