0.00000
0.00000
0.00018
0.00053
0.00106
0.00177
0.00264
0.00369
0.00491
0.00630
0.00785
0.00957
0.01145
0.01350
0.01571
0.01808
0.02061
0.02329
0.02613
0.02912
0.03226
0.03556
0.03900
0.04259
0.04633
0.05021
0.05423
0.05839
0.06269
0.06712
0.07169
0.07640
0.08123
0.08620
0.09129
0.09651
0.10185
0.10731
0.11290
0.11860
0.12442
0.13035
0.13639
0.14255
0.14881
0.15518
0.16166
0.16824
0.17492
0.18169
0.18857
0.19554
0.20260
0.20975
0.21700
0.22433
0.23174
0.23924
0.24681
0.25447
0.26220
0.27001
0.27789
0.28584
0.29386
0.30195
0.31010
0.31832
0.32659
0.33492
0.34332
0.35176
0.36026
0.36881
0.37740
0.38605
0.39474
0.40347
0.41224
0.42105
0.42990
0.43878
0.44770
0.45664
0.46562
0.47462
0.48365
0.49270
0.50177
0.51087
0.51998
0.52910
0.53824
0.54739
0.55655
0.56572
0.57490
0.58408
0.59326
0.60245
0.61163
0.62081
0.62999
0.63916
0.64833
0.65748
0.66662
0.67575
0.68487
0.69397
0.70305
0.71211
0.72115
0.73017
0.73917
0.74814
0.75708
0.76599
0.77487
0.78372
0.79254
0.80132
0.81007
0.81877
0.82744
0.83607
0.84465
0.85320
0.86169
0.87015
0.87855
0.88690
0.89521
0.90346
0.91167
0.91981
0.92791
0.93594
0.94392
0.95184
0.95971
0.96751
0.97525
0.98292
0.99053
0.99808
1.00556
1.01298
1.02032
1.02760
1.03481
1.04195
1.04901
1.05600
1.06292
1.06977
1.07654
1.08323
1.08985
1.09639
1.10285
1.10924
1.11554
1.12176
1.12791
1.13397
1.13995
1.14585
1.15166
1.15739
1.16303
1.16859
1.17407
1.17946
1.18476
1.18998
1.19510
1.20015
1.20510
1.20996
1.21474
1.21943
1.22403
1.22853
1.23295
1.23728
1.24152
1.24567
1.24972
1.25369
1.25757
1.26135
1.26504
1.26864
1.27215
1.27557
1.27890
1.28214
1.28528
1.28833
1.29129
1.29416
1.29694
1.29963
1.30223
1.30473
1.30714
1.30947
1.31170
1.31384
1.31589
1.31786
1.31973
1.32151
1.32320
1.32481
1.32632
1.32775
1.32909
1.33034
1.33150
1.33258
1.33357
1.33448
1.33529
1.33603
1.33668
1.33724
1.33772
1.33811
1.33843
1.33866
1.33881
1.33887
1.33886
1.33876
1.33859
1.33834
1.33800
1.33759
1.33710
1.33654
1.33590
1.33518
1.33439
1.33352
1.33258
1.33157
1.33049
1.32933
1.32810
1.32681
1.32544
1.32400
1.32250
1.32093
1.31929
1.31759
1.31582
1.31399
1.31210
1.31014
1.30812
1.30604
1.30390
1.30170
1.29944
1.29713
1.29476
1.29233
1.28985
1.28731
1.28472
1.28207
1.27938
1.27663
1.27384
1.27099
1.26810
1.26516
1.26218
1.25915
1.25607
1.25295
1.24979
1.24658
1.24334
1.24005
1.23673
1.23336
1.22996
1.22653
1.22305
1.21955
1.21601
1.21243
1.20883
1.20519
1.20153
1.19783
1.19411
1.19036
1.18658
1.18278
1.17895
1.17510
1.17122
1.16733
1.16341
1.15948
1.15552
1.15155
1.14755
1.14355
1.13952
1.13548
1.13143
1.12736
1.12329
1.11920
1.11510
1.11099
1.10687
1.10275
1.09862
1.09448
1.09033
1.08619
1.08203
1.07788
1.07372
1.06957
1.06541
1.06125
1.05709
1.05294
1.04879
1.04464
1.04050
1.03636
1.03223
1.02810
1.02398
1.01987
1.01577
1.01168
1.00760
1.00353
0.99947
0.99543
0.99140
0.98738
0.98337
0.97939
0.97541
0.97146
0.96752
0.96360
0.95969
0.95581
0.95195
0.94810
0.94428
0.94048
0.93670
0.93295
0.92922
0.92551
0.92182
0.91816
0.91453
0.91092
0.90734
0.90379
0.90026
0.89676
0.89329
0.88985
0.88644
0.88306
0.87971
0.87639
0.87310
0.86984
0.86662
0.86342
0.86026
0.85714
0.85404
0.85098
0.84796
0.84497
0.84202
0.83910
0.83621
0.83337
0.83055
0.82778
0.82504
0.82234
0.81968
0.81705
0.81447
0.81192
0.80941
0.80694
0.80450
0.80211
0.79976
0.79744
0.79517
0.79293
0.79074
0.78858
0.78647
0.78439
0.78236
0.78036
0.77841
0.77650
0.77463
0.77280
0.77101
0.76927
0.76756
0.76590
0.76427
0.76269
0.76115
0.75965
0.75819
0.75678
0.75540
0.75407
0.75278
0.75153
0.75032
0.74915
0.74802
0.74694
0.74589
0.74489
0.74393
0.74301
0.74213
0.74129
0.74049
0.73973
0.73901
0.73833
0.73769
0.73709
0.73653
0.73601
0.73553
0.73509
0.73469
0.73432
0.73400
0.73371
0.73346
0.73325
0.73308
0.73294
0.73285
0.73279
0.73276
0.73277
0.73282
0.73291
0.73303
0.73319
0.73338
0.73361
0.73387
0.73416
0.73449
0.73486
0.73526
0.73569
0.73615
0.73665
0.73718
0.73774
0.73833
0.73896
0.73961
0.74030
0.74101
0.74176
0.74254
0.74334
0.74418
0.74504
0.74593
0.74685
0.74779
0.74877
0.74977
0.75080
0.75185
0.75293
0.75403
0.75516
0.75631
0.75749
0.75869
0.75991
0.76116
0.76243
0.76372
0.76503
0.76637
0.76772
0.76910
0.77050
0.77191
0.77335
0.77480
0.77627
0.77776
0.77927
0.78080
0.78234
0.78390
0.78547
0.78706
0.78867
0.79029
0.79192
0.79357
0.79523
0.79691
0.79860
0.80030
0.80201
0.80373
0.80547
0.80721
0.80897
0.81073
0.81251
0.81429
0.81608
0.81788
0.81969
0.82151
0.82333
0.82516
0.82700
0.82884
0.83068
0.83254
0.83439
0.83625
0.83812
0.83999
0.84186
0.84373
0.84561
0.84748
0.84936
0.85125
0.85313
0.85501
0.85689
0.85877
0.86065
0.86254
0.86441
0.86629
0.86817
0.87004
0.87191
0.87378
0.87564
0.87750
0.87936
0.88121
0.88305
0.88490
0.88673
0.88856
0.89039
0.89220
0.89401
0.89582
0.89762
0.89941
0.90119
0.90296
0.90473
0.90648
0.90823
0.90997
0.91170
0.91342
0.91512
0.91682
0.91851
0.92019
0.92185
0.92351
0.92515
0.92678
0.92840
0.93001
0.93160
0.93318
0.93475
0.93631
0.93785
0.93938
0.94089
0.94239
0.94388
0.94535
0.94681
0.94825
0.94968
0.95109
0.95249
0.95387
0.95524
0.95659
0.95792
0.95924
0.96054
0.96183
0.96310
0.96435
0.96559
0.96681
0.96801
0.96920
0.97036
0.97152
0.97265
0.97376
0.97486
0.97594
0.97701
0.97805
0.97908
0.98009
0.98108
0.98205
0.98300
0.98394
0.98486
0.98576
0.98664
0.98750
0.98834
0.98917
0.98997
0.99076
0.99153
0.99228
0.99301
0.99372
0.99442
0.99509
0.99575
0.99639
0.99701
0.99761
0.99819
0.99875
0.99929
0.99982
1.00033
1.00081
1.00128
1.00174
1.00217
1.00258
1.00298
1.00335
1.00371
1.00405
1.00438
1.00468
1.00497
1.00523
1.00548
1.00572
1.00593
1.00613
1.00631
1.00647
1.00661
1.00674
1.00685
1.00694
1.00702
1.00707
1.00712
1.00714
1.00715
1.00714
1.00711
1.00707
1.00701
1.00694
1.00685
1.00675
1.00662
1.00649
1.00634
1.00617
1.00598
1.00579
1.00557
1.00535
1.00510
1.00485
1.00458
1.00429
1.00399
1.00368
1.00335
1.00301
1.00266
1.00229
1.00191
1.00152
1.00111
1.00070
1.00027
0.99982
0.99937
0.99890
0.99842
0.99793
0.99743
0.99692
0.99639
0.99586
0.99531
0.99476
0.99419
0.99362
0.99303
0.99243
0.99183
0.99121
0.99059
0.98995
0.98931
0.98866
0.98800
0.98733
0.98666
0.98597
0.98528
0.98458
0.98387
0.98316
0.98244
0.98171
0.98098
0.98023
0.97949
0.97873
0.97797
0.97721
0.97644
0.97566
0.97488
0.97410
0.97330
0.97251
0.97171
0.97091
0.97010
0.96929
0.96847
0.96765
0.96683
0.96600
0.96517
0.96434
0.96351
0.96267
0.96183
0.96099
0.96015
0.95930
0.95846
0.95761
0.95676
0.95591
0.95506
0.95421
0.95336
0.95251
0.95166
0.95080
0.94995
0.94910
0.94825
0.94740
0.94655
0.94570
0.94485
0.94401
0.94316
0.94232
0.94148
0.94064
0.93980
0.93896
0.93813
0.93730
0.93647
0.93565
0.93482
0.93400
0.93319
0.93238
0.93157
0.93076
0.92996
0.92916
0.92837
0.92757
0.92679
0.92601
0.92523
0.92446
0.92369
0.92293
0.92217
0.92141
0.92067
0.91992
0.91919
0.91845
0.91773
0.91701
0.91629
0.91558
0.91488
0.91418
0.91349
0.91281
0.91213
0.91146
0.91079
0.91013
0.90948
0.90884
0.90820
0.90757
0.90694
0.90633
0.90572
0.90511
0.90452
0.90393
0.90335
0.90277
0.90221
0.90165
0.90110
0.90056
0.90002
0.89949
0.89897
0.89846
0.89796
0.89746
0.89697
0.89650
0.89602
0.89556
0.89511
0.89466
0.89422
0.89379
0.89337
0.89295
0.89255
0.89215
0.89176
0.89138
0.89101
0.89065
0.89029
0.88994
0.88961
0.88928
0.88896
0.88864
0.88834
0.88804
0.88776
0.88748
0.88721
0.88694
0.88669
0.88645
0.88621
0.88598
0.88576
0.88555
0.88535
0.88515
0.88497
0.88479
0.88462
0.88446
0.88431
0.88416
0.88403
0.88390
0.88378
0.88367
0.88356
0.88347
0.88338
0.88330
0.88323
0.88317
0.88311
0.88306
0.88302
0.88299
0.88296
0.88295
0.88294
0.88293
0.88294
0.88295
0.88297
0.88300
0.88303
0.88308
0.88313
0.88318
0.88324
0.88331
0.88339
0.88348
0.88357
0.88366
0.88377
0.88388
0.88400
0.88412
0.88425
0.88439
0.88453
0.88468
0.88483
0.88499
0.88516
0.88533
0.88551
0.88570
0.88589
0.88608
0.88629
0.88649
0.88671
0.88692
0.88715
0.88737
0.88761
0.88784
0.88809
0.88834
0.88859
0.88884
0.88911
0.88937
0.88964
0.88992
0.89020
0.89048
0.89077
0.89106
0.89136
0.89165
0.89196
0.89226
0.89258
0.89289
0.89321
0.89353
0.89385
0.89418
0.89451
0.89484
0.89518
0.89552
0.89586
0.89620
0.89655
0.89690
0.89725
0.89760
0.89796
0.89832
0.89868
0.89904
0.89941
0.89977
0.90014
0.90051
0.90088
0.90125
0.90163
0.90200
0.90238
0.90276
0.90314
0.90352
0.90390
0.90428
0.90466
0.90504
0.90543
0.90581
0.90620
0.90658
0.90697
0.90735
0.90774
0.90812
0.90851
0.90889
0.90928
0.90966
0.91005
0.91043
0.91082
0.91120
0.91159
0.91197
0.91235
0.91273
0.91311
0.91349
0.91387
0.91424
0.91462
0.91499
0.91537
0.91574
0.91611
0.91648
0.91685
0.91721
0.91758
0.91794
0.91830
0.91866
0.91902
0.91937
0.91973
0.92008
0.92043
0.92078
0.92112
0.92146
0.92181
0.92214
0.92248
0.92281
0.92314
0.92347
0.92380
0.92412
0.92444
0.92476
0.92507
0.92539
0.92570
0.92600
0.92631
0.92661
0.92690
0.92720
0.92749
0.92778
0.92806
0.92835
0.92862
0.92890
0.92917
0.92944
0.92971
0.92997
0.93023
0.93048
0.93074
0.93099
0.93123
0.93147
0.93171
0.93195
0.93218
0.93240
0.93263
0.93285
0.93306
0.93328
0.93349
0.93369
0.93389
0.93409
0.93429
0.93448
0.93466
0.93485
0.93502
0.93520
0.93537
0.93554
0.93570
0.93586
0.93602
0.93617
0.93632
0.93646
0.93661
0.93674
0.93688
0.93700
0.93713
0.93725
0.93737
0.93748
0.93759
0.93770
0.93780
0.93790
0.93800
0.93809
0.93817
0.93826
0.93834
0.93841
0.93849
0.93855
0.93862
0.93868
0.93874
0.93879
0.93884
0.93889
0.93893
0.93897
0.93900
0.93904
0.93907
0.93909
0.93911
0.93913
0.93914
0.93915
0.93916
0.93916
0.93916
0.93916
0.93916
0.93915
0.93913
0.93912
0.93910
0.93907
0.93905
0.93902
0.93899
0.93895
0.93891
0.93887
0.93883
0.93878
0.93873
0.93867
0.93862
0.93856
0.93850
0.93843
0.93836
0.93829
0.93822
0.93814
0.93806
0.93798
0.93790
0.93781
0.93772
0.93763
0.93754
0.93744
0.93734
0.93724
0.93714
0.93703
0.93692
0.93681
0.93670
0.93659
0.93647
0.93635
0.93623
0.93611
0.93598
0.93585
0.93573
0.93560
0.93546
0.93533
0.93519
0.93506
0.93492
0.93478
0.93463
0.93449
0.93434
0.93420
0.93405
0.93390
0.93375
0.93360
0.93344
0.93329
0.93313
0.93297
0.93282
0.93266
0.93250
0.93233
0.93217
0.93201
0.93184
0.93168
0.93151
0.93135
0.93118
0.93101
0.93084
0.93067
0.93050
0.93033
0.93016
0.92999
0.92982
0.92965
0.92947
0.92930
0.92913
0.92895
0.92878
0.92860
0.92843
0.92826
0.92808
0.92791
0.92773
0.92756
0.92738
0.92721
0.92703
0.92686
0.92669
0.92651
0.92634
0.92616
0.92599
0.92582
0.92565
0.92547
0.92530
0.92513
0.92496
0.92479
0.92462
0.92445
0.92428
0.92412
0.92395
0.92378
0.92362
0.92345
0.92329
0.92313
0.92296
0.92280
0.92264
0.92248
0.92232
0.92216
0.92201
0.92185
0.92170
0.92154
0.92139
0.92124
0.92109
0.92094
0.92079
0.92064
0.92049
0.92035
0.92021
0.92006
0.91992
0.91978
0.91964
0.91951
0.91937
0.91924
0.91910
0.91897
0.91884
0.91871
0.91858
0.91846
0.91833
0.91821
0.91809
0.91797
0.91785
0.91773
0.91762
0.91750
0.91739
0.91728
0.91717
0.91707
0.91696
0.91686
0.91675
0.91665
0.91655
0.91645
0.91636
0.91626
0.91617
0.91608
0.91599
0.91590
0.91582
0.91573
0.91565
0.91557
0.91549
0.91541
0.91534
0.91526
0.91519
0.91512
0.91505
0.91499
0.91492
0.91486
0.91480
0.91474
0.91468
0.91462
0.91457
0.91451
0.91446
0.91441
0.91436
0.91432
0.91427
0.91423
0.91419
0.91415
0.91411
0.91408
0.91404
0.91401
0.91398
0.91395
0.91392
0.91390
0.91387
0.91385
0.91383
0.91381
0.91380
0.91378
0.91377
0.91375
0.91374
0.91373
0.91372
0.91372
0.91371
0.91371
0.91371
0.91371
0.91371
0.91371
0.91372
0.91373
0.91373
0.91374
0.91375
0.91376
0.91378
0.91379
0.91381
0.91383
0.91385
0.91387
0.91389
0.91391
0.91394
0.91396
0.91399
0.91402
0.91405
0.91408
0.91411
0.91414
0.91418
0.91421
0.91425
0.91429
0.91433
0.91437
0.91441
0.91445
0.91450
0.91454
0.91459
0.91464
0.91468
0.91473
0.91478
0.91483
0.91489
0.91494
0.91499
0.91505
0.91510
0.91516
0.91522
0.91528
0.91534
0.91540
0.91546
0.91552
0.91558
0.91564
0.91571
0.91577
0.91584
0.91590
0.91597
0.91604
0.91611
0.91617
0.91624
0.91631
0.91638
0.91645
0.91652
0.91660
0.91667
0.91674
0.91681
0.91689
0.91696
0.91704
0.91711
0.91719
0.91726
0.91734
0.91741
0.91749
0.91757
0.91764
0.91772
0.91780
0.91788
0.91795
0.91803
0.91811
0.91819
0.91827
0.91835
0.91843
0.91850
0.91858
0.91866
0.91874
0.91882
0.91890
0.91898
0.91906
0.91914
0.91922
0.91929
0.91937
0.91945
0.91953
0.91961
0.91969
0.91977
0.91984
0.91992
0.92000
0.92008
0.92015
0.92023
0.92031
0.92038
0.92046
0.92054
0.92061
0.92069
0.92076
0.92084
0.92091
0.92098
0.92106
0.92113
0.92120
0.92128
0.92135
0.92142
0.92149
0.92156
0.92163
0.92170
0.92177
0.92184
0.92191
0.92197
0.92204
0.92211
0.92217
0.92224
0.92230
0.92237
0.92243
0.92250
0.92256
0.92262
0.92268
0.92274
0.92280
0.92286
0.92292
0.92298
0.92304
0.92309
0.92315
0.92320
0.92326
0.92331
0.92337
0.92342
0.92347
0.92352
0.92357
0.92362
0.92367
0.92372
0.92377
0.92382
0.92386
0.92391
0.92395
0.92400
0.92404
0.92408
0.92413
0.92417
0.92421
0.92425
0.92429
0.92432
0.92436
0.92440
0.92443
0.92447
0.92450
0.92454
0.92457
0.92460
0.92463
0.92466
0.92469
0.92472
0.92475
0.92477
0.92480
0.92483
0.92485
0.92487
0.92490
0.92492
0.92494
0.92496
0.92498
0.92500
0.92502
0.92504
0.92505
0.92507
0.92508
0.92510
0.92511
0.92513
0.92514
0.92515
0.92516
0.92517
0.92518
0.92519
0.92520
0.92520
0.92521
0.92521
0.92522
0.92522
0.92523
0.92523
0.92523
0.92523
0.92523
0.92523
0.92523
0.92523
0.92523
0.92523
0.92522
0.92522
0.92521
0.92521
0.92520
0.92519
0.92519
0.92518
0.92517
0.92516
0.92515
0.92514
0.92513
0.92512
0.92510
0.92509
0.92508
0.92506
0.92505
0.92503
0.92502
0.92500
0.92498
0.92497
0.92495
0.92493
0.92491
0.92489
0.92487
0.92485
0.92483
0.92481
0.92479
0.92477
0.92474
0.92472
0.92470
0.92467
0.92465
0.92462
0.92460
0.92457
0.92455
0.92452
0.92449
0.92446
0.92444
0.92441
0.92438
0.92435
0.92432
0.92429
0.92426
0.92423
0.92420
0.92417
0.92414
0.92411
0.92408
0.92405
0.92402
0.92399
0.92395
0.92392
0.92389
0.92385
0.92382
0.92379
0.92375
0.92372
0.92369
0.92365
0.92362
0.92358
0.92355
0.92352
0.92348
0.92345
0.92341
0.92338
0.92334
0.92331
0.92327
0.92323
0.92320
0.92316
0.92313
0.92309
0.92306
0.92302
0.92298
0.92295
0.92291
0.92288
0.92284
0.92281
0.92277
0.92273
0.92270
0.92266
0.92263
0.92259
0.92256
0.92252
0.92249
0.92245
0.92242
0.92238
0.92234
0.92231
0.92228
0.92224
0.92221
0.92217
0.92214
0.92210
0.92207
0.92203
0.92200
0.92197
0.92193
0.92190
0.92187
0.92184
0.92180
0.92177
0.92174
0.92171
0.92167
0.92164
0.92161
0.92158
0.92155
0.92152
0.92149
0.92146
0.92143
0.92140
0.92137
0.92134
0.92131
0.92128
0.92125
0.92122
0.92119
0.92117
0.92114
0.92111
0.92109
0.92106
0.92103
0.92101
0.92098
0.92096
0.92093
0.92091
0.92088
0.92086
0.92083
0.92081
0.92079
0.92076
0.92074
0.92072
0.92070
0.92067
0.92065
0.92063
0.92061
0.92059
0.92057
0.92055
0.92053
0.92051
0.92050
0.92048
0.92046
0.92044
0.92043
0.92041
0.92039
0.92038
0.92036
0.92034
0.92033
0.92032
0.92030
0.92029
0.92027
0.92026
0.92025
0.92023
0.92022
0.92021
0.92020
0.92019
0.92018
0.92017
0.92016
0.92015
0.92014
0.92013
0.92012
0.92011
0.92010
0.92010
0.92009
0.92008
0.92008
0.92007
0.92006
0.92006
0.92005
0.92005
0.92004
0.92004
0.92004
0.92003
0.92003
0.92003
0.92002
0.92002
0.92002
0.92002
0.92002
0.92002
0.92002
0.92002
0.92002
0.92002
0.92002
0.92002
0.92002
0.92002
0.92002
0.92003
0.92003
0.92003
0.92003
0.92004
0.92004
0.92005
0.92005
0.92005
0.92006
0.92006
0.92007
0.92008
0.92008
0.92009
0.92009
0.92010
0.92011
0.92012
0.92012
0.92013
0.92014
0.92015
0.92015
0.92016
0.92017
0.92018
0.92019
0.92020
0.92021
0.92022
0.92023
0.92024
0.92025
0.92026
0.92027
0.92028
0.92029
0.92031
0.92032
0.92033
0.92034
0.92035
0.92037
0.92038
0.92039
0.92040
0.92042
0.92043
0.92044
0.92046
0.92047
0.92048
0.92050
0.92051
0.92053
0.92054
0.92055
0.92057
0.92058
0.92060
0.92061
0.92063
0.92064
0.92066
0.92067
0.92069
0.92070
0.92072
0.92073
0.92075
0.92077
0.92078
0.92080
0.92081
0.92083
0.92084
0.92086
0.92088
0.92089
0.92091
0.92092
0.92094
0.92096
0.92097
0.92099
0.92100
0.92102
0.92104
0.92105
0.92107
0.92109
0.92110
0.92112
0.92113
0.92115
0.92117
0.92118
0.92120
0.92121
0.92123
0.92125
0.92126
0.92128
0.92129
0.92131
0.92133
0.92134
0.92136
0.92137
0.92139
0.92141
0.92142
0.92144
0.92145
0.92147
0.92148
0.92150
0.92151
0.92153
0.92154
0.92156
0.92157
0.92159
0.92160
0.92162
0.92163
0.92164
0.92166
0.92167
0.92169
0.92170
0.92171
0.92173
0.92174
0.92176
0.92177
0.92178
0.92180
0.92181
0.92182
0.92183
0.92185
0.92186
0.92187
0.92188
0.92190
0.92191
0.92192
0.92193
0.92194
0.92195
0.92197
0.92198
0.92199
0.92200
0.92201
0.92202
0.92203
0.92204
0.92205
0.92206
0.92207
0.92208
0.92209
0.92210
0.92211
0.92212
0.92213
0.92214
0.92215
0.92215
0.92216
0.92217
0.92218
0.92219
0.92219
0.92220
0.92221
0.92222
0.92222
0.92223
0.92224
0.92224
0.92225
0.92226
0.92226
0.92227
0.92227
0.92228
0.92229
0.92229
0.92230
0.92230
0.92231
0.92231
0.92232
0.92232
0.92232
0.92233
0.92233
0.92234
0.92234
0.92234
0.92235
0.92235
0.92235
0.92235
0.92236
0.92236
0.92236
0.92236
0.92237
0.92237
0.92237
0.92237
0.92237
0.92237
0.92237
0.92238
0.92238
0.92238
0.92238
0.92238
0.92238
0.92238
0.92238
0.92238
0.92238
0.92238
0.92238
0.92238
0.92237
0.92237
0.92237
0.92237
0.92237
0.92237
0.92237
0.92236
0.92236
0.92236
0.92236
0.92236
0.92235
0.92235
0.92235
0.92235
0.92234
0.92234
0.92234
0.92233
0.92233
0.92233
0.92232
0.92232
0.92231
0.92231
0.92231
0.92230
0.92230
0.92229
0.92229
0.92229
0.92228
0.92228
0.92227
0.92227
0.92226
0.92226
0.92225
0.92225
0.92224
0.92224
0.92223
0.92222
0.92222
0.92221
0.92221
0.92220
0.92220
0.92219
0.92218
0.92218
0.92217
0.92216
0.92216
0.92215
0.92215
0.92214
0.92213
0.92213
0.92212
0.92211
0.92211
0.92210
0.92209
0.92209
0.92208
0.92207
0.92207
0.92206
0.92205
0.92204
0.92204
0.92203
0.92202
0.92202
0.92201
0.92200
0.92199
0.92199
0.92198
0.92197
0.92197
0.92196
0.92195
0.92194
0.92194
0.92193
0.92192
0.92191
0.92191
0.92190
0.92189
0.92189
0.92188
0.92187
0.92186
0.92186
0.92185
0.92184
0.92183
0.92183
0.92182
0.92181
0.92181
0.92180
0.92179
0.92178
0.92178
0.92177
0.92176
0.92176
0.92175
0.92174
0.92173
0.92173
0.92172
0.92171
0.92171
0.92170
0.92169
0.92169
0.92168
0.92167
0.92167
0.92166
0.92165
0.92165
0.92164
0.92163
0.92163
0.92162
0.92161
0.92161
0.92160
0.92160
0.92159
0.92158
0.92158
0.92157
0.92157
0.92156
0.92155
0.92155
0.92154
0.92154
0.92153
0.92153
0.92152
0.92152
0.92151
0.92150
0.92150
0.92149
0.92149
0.92148
0.92148
0.92147
0.92147
0.92147
0.92146
0.92146
0.92145
0.92145
0.92144
0.92144
0.92143
0.92143
0.92143
0.92142
0.92142
0.92141
0.92141
0.92141
0.92140
0.92140
0.92139
0.92139
0.92139
0.92138
0.92138
0.92138
0.92138
0.92137
0.92137
0.92137
0.92136
0.92136
0.92136
0.92136
0.92135
0.92135
0.92135
0.92135
0.92134
0.92134
0.92134
0.92134
0.92134
0.92133
0.92133
0.92133
0.92133
0.92133
0.92132
0.92132
0.92132
0.92132
0.92132
0.92132
0.92132
0.92132
0.92132
0.92131
0.92131
0.92131
0.92131
0.92131
0.92131
0.92131
0.92131
0.92131
0.92131
0.92131
0.92131
0.92131
0.92131
0.92131
0.92131
0.92131
0.92131
0.92131
0.92131
0.92131
0.92131
0.92131
0.92131
0.92131
0.92131
0.92131
0.92132
0.92132
0.92132
0.92132
0.92132
0.92132
0.92132
0.92132
0.92132
0.92133
0.92133
0.92133
0.92133
0.92133
0.92133
0.92133
0.92134
0.92134
0.92134
0.92134
0.92134
0.92135
0.92135
0.92135
0.92135
0.92135
0.92136
0.92136
0.92136
0.92136
0.92136
0.92137
0.92137
0.92137
0.92137
0.92138
0.92138
0.92138
0.92138
0.92139
0.92139
0.92139
0.92139
0.92140
0.92140
0.92140
0.92141
0.92141
0.92141
0.92141
0.92142
0.92142
0.92142
0.92143
0.92143
0.92143
0.92144
0.92144
0.92144
0.92144
0.92145
0.92145
0.92145
0.92146
0.92146
0.92146
0.92147
0.92147
0.92147
0.92148
0.92148
0.92148
0.92149
0.92149
0.92149
0.92150
0.92150
0.92150
0.92151
0.92151
0.92151
0.92152
0.92152
0.92152
0.92153
0.92153
0.92153
0.92154
0.92154
0.92154
0.92155
0.92155
0.92155
0.92156
0.92156
0.92156
0.92157
0.92157
0.92157
0.92158
0.92158
0.92158
0.92159
0.92159
0.92159
0.92159
0.92160
0.92160
0.92160
0.92161
0.92161
0.92161
0.92162
0.92162
0.92162
0.92163
0.92163
0.92163
0.92163
0.92164
0.92164
0.92164
0.92165
0.92165
0.92165
0.92166
0.92166
0.92166
0.92166
0.92167
0.92167
0.92167
0.92167
0.92168
0.92168
0.92168
0.92168
0.92169
0.92169
0.92169
0.92170
0.92170
0.92170
0.92170
0.92170
0.92171
0.92171
0.92171
0.92171
0.92172
0.92172
0.92172
0.92172
0.92172
0.92173
0.92173
0.92173
0.92173
0.92173
0.92174
0.92174
0.92174
0.92174
0.92174
0.92175
0.92175
0.92175
0.92175
0.92175
0.92175
0.92176
0.92176
0.92176
0.92176
0.92176
0.92176
0.92176
0.92177
0.92177
0.92177
0.92177
0.92177
0.92177
0.92177
0.92177
0.92178
0.92178
0.92178
0.92178
0.92178
0.92178
0.92178
0.92178
0.92178
0.92178
0.92178
0.92179
0.92179
0.92179
0.92179
0.92179
0.92179
0.92179
0.92179
0.92179
0.92179
0.92179
0.92179
0.92179
0.92179
0.92179
0.92179
0.92179
0.92179
0.92179
0.92179
0.92179
0.92179
0.92179
0.92179
0.92179
0.92179
0.92179
0.92179
0.92179
0.92179
0.92179
0.92179
0.92179
0.92179
0.92179
0.92179
0.92179
0.92179
0.92179
0.92179
0.92179
0.92179
0.92179
0.92179
0.92179
0.92179
0.92179
0.92178
0.92178
0.92178
0.92178
0.92178
0.92178
0.92178
0.92178
0.92178
0.92178
0.92178
0.92178
0.92178
0.92177
0.92177
0.92177
0.92177
0.92177
0.92177
0.92177
0.92177
0.92177
0.92177
0.92176
0.92176
0.92176
0.92176
0.92176
0.92176
0.92176
0.92176
0.92176
0.92175
0.92175
0.92175
0.92175
0.92175
0.92175
0.92175
0.92174
0.92174
0.92174
0.92174
0.92174
0.92174
0.92174
0.92174
0.92173
0.92173
0.92173
0.92173
0.92173
0.92173
0.92173
0.92172
0.92172
0.92172
0.92172
0.92172
0.92172
0.92172
0.92171
0.92171
0.92171
0.92171
0.92171
0.92171
0.92170
0.92170
0.92170
0.92170
0.92170
0.92170
0.92170
0.92169
0.92169
0.92169
0.92169
0.92169
0.92169
0.92169
0.92168
0.92168
0.92168
0.92168
0.92168
0.92168
0.92167
0.92167
0.92167
0.92167
0.92167
0.92167
0.92167
0.92166
0.92166
0.92166
0.92166
0.92166
0.92166
0.92166
0.92165
0.92165
0.92165
0.92165
0.92165
0.92165
0.92165
0.92165
0.92164
0.92164
0.92164
0.92164
0.92164
0.92164
0.92164
0.92163
0.92163
0.92163
0.92163
0.92163
0.92163
0.92163
0.92163
0.92162
0.92162
0.92162
0.92162
0.92162
0.92162
0.92162
0.92162
0.92162
0.92161
0.92161
0.92161
0.92161
0.92161
0.92161
0.92161
0.92161
0.92161
0.92161
0.92160
0.92160
0.92160
0.92160
0.92160
0.92160
0.92160
0.92160
0.92160
0.92160
0.92160
0.92159
0.92159
0.92159
0.92159
0.92159
0.92159
0.92159
0.92159
0.92159
0.92159
0.92159
0.92159
0.92159
0.92159
0.92159
0.92158
0.92158
0.92158
0.92158
0.92158
0.92158
0.92158
0.92158
0.92158
0.92158
0.92158
0.92158
0.92158
0.92158
0.92158
0.92158
0.92158
0.92158
0.92158
0.92158
0.92158
0.92158
0.92158
0.92158
0.92158
0.92158
0.92158
0.92157
0.92157
0.92157
0.92157
0.92157
0.92157
0.92157
0.92157
0.92157
0.92157
0.92157
0.92157
0.92157
0.92157
0.92157
0.92157
0.92157
0.92157
0.92157
0.92157
0.92157
0.92157
0.92157
0.92157
0.92157
0.92157
0.92157
0.92158
0.92158
0.92158
0.92158
0.92158
0.92158
0.92158
0.92158
0.92158
0.92158
0.92158
0.92158
0.92158
0.92158
0.92158
0.92158
0.92158
0.92158
0.92158
0.92158
0.92158
0.92158
0.92158
0.92158
0.92158
0.92158
0.92158
0.92158
0.92158
0.92158
0.92159
0.92159
0.92159
0.92159
0.92159
0.92159
0.92159
0.92159
0.92159
0.92159
0.92159
0.92159
0.92159
0.92159
0.92159
0.92159
0.92159
0.92159
0.92160
0.92160
0.92160
0.92160
0.92160
0.92160
0.92160
0.92160
0.92160
0.92160
0.92160
0.92160
0.92160
0.92160
0.92160
0.92160
0.92161
0.92161
0.92161
0.92161
0.92161
0.92161
0.92161
0.92161
0.92161
0.92161
0.92161
0.92161
0.92161
0.92161
0.92161
0.92162
0.92162
0.92162
0.92162
0.92162
0.92162
0.92162
0.92162
0.92162
0.92162
0.92162
0.92162
0.92162
0.92162
0.92162
0.92163
0.92163
0.92163
0.92163
0.92163
0.92163
0.92163
0.92163
0.92163
0.92163
0.92163
0.92163
0.92163
0.92163
0.92163
0.92164
0.92164
0.92164
0.92164
0.92164
0.92164
0.92164
0.92164
0.92164
0.92164
0.92164
0.92164
0.92164
0.92164
0.92164
0.92164
0.92164
0.92165
0.92165
0.92165
0.92165
0.92165
0.92165
0.92165
0.92165
0.92165
0.92165
0.92165
0.92165
0.92165
0.92165
0.92165
0.92165
0.92165
0.92165
0.92166
0.92166
0.92166
0.92166
0.92166
0.92166
0.92166
0.92166
0.92166
0.92166
0.92166
0.92166
0.92166
0.92166
0.92166
0.92166
0.92166
0.92166
0.92166
0.92166
0.92166
0.92166
0.92166
0.92166
0.92166
0.92167
0.92167
0.92167
0.92167
0.92167
0.92167
0.92167
0.92167
0.92167
0.92167
0.92167
0.92167
0.92167
0.92167
0.92167
0.92167
0.92167
0.92167
0.92167
0.92167
0.92167
0.92167
0.92167
0.92167
0.92167
0.92167
0.92167
0.92167
0.92167
0.92167
0.92167
0.92167
0.92167
0.92167
0.92167
0.92167
0.92167
0.92167
0.92167
0.92167
0.92167
0.92167
0.92167
0.92167
0.92167
0.92167
0.92167
0.92167
0.92167
0.92167
0.92167
0.92167
0.92167
0.92167
0.92167
0.92167
0.92167
0.92167
0.92167
0.92167
0.92167
0.92167
0.92167
0.92167
0.92167
0.92167
0.92167
0.92167
0.92167
0.92167
0.92167
0.92167
0.92167
0.92167
0.92167
0.92167
0.92167
0.92167
0.92167
0.92167
0.92167
0.92167
0.92167
0.92167
0.92167
0.92167
0.92167
0.92167
0.92167
0.92167
0.92167
0.92167
0.92167
0.92167
0.92167
0.92167
0.92167
0.92167
0.92167
0.92167
0.92167
0.92167
0.92167
0.92167
0.92167
0.92167
0.92166
0.92166
0.92166
0.92166
0.92166
0.92166
0.92166
0.92166
0.92166
0.92166
0.92166
0.92166
0.92166
0.92166
0.92166
0.92166
0.92166
0.92166
0.92166
0.92166
0.92166
0.92166
0.92166
0.92166
0.92166
0.92166
0.92166
0.92166
0.92166
0.92166
0.92166
0.92166
0.92166
0.92166
0.92166
0.92165
0.92165
0.92165
0.92165
0.92165
0.92165
0.92165
0.92165
0.92165
0.92165
0.92165
0.92165
0.92165
0.92165
0.92165
0.92165
0.92165
0.92165
0.92165
0.92165
0.92165
0.92165
0.92165
0.92165
0.92165
0.92165
0.92165
0.92165
0.92165
0.92165
0.92165
0.92165
0.92165
0.92164
0.92164
0.92164
0.92164
0.92164
0.92164
0.92164
0.92164
0.92164
0.92164
0.92164
0.92164
0.92164
0.92164
0.92164
0.92164
0.92164
0.92164
0.92164
0.92164
0.92164
0.92164
0.92164
0.92164
0.92164
0.92164
0.92164
0.92164
0.92164
0.92164
0.92164
0.92164
0.92164
0.92164
0.92164
0.92164
0.92164
0.92164
0.92164
0.92164
0.92163
0.92163
0.92163
0.92163
0.92163
0.92163
0.92163
0.92163
0.92163
0.92163
0.92163
0.92163
0.92163
0.92163
0.92163
0.92163
0.92163
0.92163
0.92163
0.92163
0.92163
0.92163
0.92163
0.92163
0.92163
0.92163
0.92163
0.92163
0.92163
0.92163
0.92163
0.92163
0.92163
0.92163
0.92163
0.92163
0.92163
0.92163
0.92163
0.92163
0.92163
0.92163
0.92163
0.92163
0.92163
0.92163
0.92163
0.92163
0.92163
0.92163
0.92163
0.92163
0.92163
0.92163
0.92163
0.92163
0.92163
0.92163
0.92163
0.92163
0.92163
0.92163
0.92163
0.92163
0.92163
0.92163
0.92163
0.92163
0.92163
0.92163
0.92163
0.92163
0.92163
0.92163
0.92163
0.92163
0.92163
0.92163
0.92163
0.92163
0.92163
0.92163
0.92163
0.92163
0.92163
0.92163
0.92163
0.92163
0.92163
0.92163
0.92163
0.92163
0.92163
0.92163
0.92163
0.92163
0.92163
0.92163
0.92163
0.92163
0.92163
0.92163
0.92163
0.92163
0.92163
0.92163
0.92163
0.92163
0.92163
0.92163
0.92163
0.92163
0.92163
0.92163
0.92163
0.92163
0.92163
0.92163
0.92163
0.92163
0.92163
0.92163
0.92163
0.92163
0.92163
0.92163
0.92163
0.92163
0.92163
0.92163
0.92163
0.92163
0.92163
0.92163
0.92163
0.92163
0.92163
0.92163
0.92163
0.92163
0.92163
0.92163
0.92163
0.92163
0.92163
0.92163
0.92163
0.92163
0.92163
0.92163
0.92163
0.92164
0.92164
0.92164
0.92164
0.92164
0.92164
0.92164
0.92164
0.92164
0.92164
0.92164
0.92164
0.92164
0.92164
0.92164
0.92164
0.92164
0.92164
0.92164
0.92164
0.92164
0.92164
0.92164
0.92164
0.92164
0.92164
0.92164
0.92164
0.92164
0.92164
0.92164
0.92164
0.92164
0.92164
0.92164
0.92164
0.92164
0.92164
0.92164
0.92164
0.92164
0.92164
0.92164
0.92164
0.92164
0.92164
0.92164
0.92164
0.92164
0.92164
0.92164
0.92164
0.92164
0.92164
0.92164
0.92164
0.92164
0.92164
0.92164
0.92164
0.92164
0.92164
0.92164
0.92164
0.92164
0.92164
0.92164
0.92164
0.92164
0.92164
0.92164
0.92164
0.92164
0.92164
0.92164
0.92164
0.92164
0.92164
0.92164
0.92165
0.92165
0.92165
0.92165
0.92165
0.92165
0.92165
0.92165
0.92165
0.92165
0.92165
0.92165
0.92165
0.92165
0.92165
0.92165
0.92165
0.92165
0.92165
0.92165
0.92165
0.92165
0.92165
0.92165
0.92165
0.92165
0.92165
0.92165
0.92165
0.92165
0.92165
0.92165
0.92165
0.92165
0.92165
0.92165
0.92165
0.92165
0.92165
0.92165
0.92165
0.92165
0.92165
0.92165
0.92165
0.92165
0.92165
0.92165
0.92165
0.92165
0.92165
0.92165
0.92165
0.92165
0.92165
0.92165
0.92165
0.92165
0.92165
0.92165
0.92165
0.92165
0.92165
0.92165
0.92165
0.92165
0.92165
0.92165
0.92165
0.92165
0.92165
0.92165
0.92165
0.92165
0.92165
0.92165
0.92165
0.92165
0.92165
0.92165
0.92165
0.92165
0.92165
0.92165
0.92165
0.92165
0.92165
0.92165
0.92165
0.92165
0.92165
0.92165
0.92165
0.92165
0.92165
0.92165
0.92165
0.92165
0.92165
0.92165
0.92165
0.92165
0.92165
0.92165
0.92165
0.92165
0.92165
0.92165
0.92165
0.92165
0.92165
0.92165
0.92165
0.92165
0.92165
0.92165
0.92165
0.92165
0.92165
0.92165
0.92165
0.92165
0.92165
0.92165
0.92165
0.92165
0.92165
0.92165
0.92165
0.92165
0.92165
0.92165
0.92165
0.92165
0.92165
0.92165
0.92165
0.92165
0.92165
0.92165
0.92165
0.92165
0.92165
0.92165
0.92165
0.92165
0.92165
0.92165
0.92165
0.92165
0.92165
0.92165
0.92165
0.92165
0.92165
0.92165
0.92165
0.92165
0.92164
0.92164
0.92164
0.92164
0.92164
0.92164
0.92164
0.92164
0.92164
0.92164
0.92164
0.92164
0.92164
0.92164
0.92164
0.92164
0.92164
0.92164
0.92164
0.92164
0.92164
0.92164
0.92164
0.92164
0.92164
0.92164
0.92164
0.92164
0.92164
0.92164
0.92164
0.92164
0.92164
0.92164
0.92164
0.92164
0.92164
0.92164
0.92164
0.92164
0.92164
0.92164
0.92164
0.92164
0.92164
0.92164
0.92164
0.92164
0.92164
0.92164
0.92164
0.92164
0.92164
0.92164
0.92164
0.92164
0.92164
0.92164
0.92164
0.92164
0.92164
0.92164
0.92164
0.92164
0.92164
0.92164
0.92164
0.92164
0.92164
0.92164
0.92164
0.92164
0.92164
0.92164
0.92164
0.92164
0.92164
0.92164
0.92164
0.92164
0.92164
0.92164
0.92164
0.92164
0.92164
0.92164
0.92164
0.92164
0.92164
0.92164
0.92164
0.92164
0.92164
0.92164
0.92164
0.92164
0.92164
0.92164
0.92164
0.92164
0.92164
0.92164
0.92164
0.92164
0.92164
0.92164
0.92164
0.92164
0.92164
0.92164
0.92164
0.92164
0.92164
0.92164
0.92164
0.92164
0.92164
0.92164
0.92164
0.92164
0.92164
0.92164
0.92164
0.92164
0.92164
0.92164
0.92164
0.92164
0.92164
0.92164
0.92164
0.92164
0.92164
0.92164
0.92164
0.92164
0.92164
0.92164
0.92164
0.92164
0.92164
0.92164
0.92164
0.92164
0.92164
0.92164
0.92164
0.92164
0.92164
0.92164
0.92164
0.92164
0.92164
0.92164
0.92164
0.92164
0.92164
0.92164
0.92164
0.92164
0.92164
0.92164
0.92164
0.92164
0.92164
0.92164
0.92164
0.92164
0.92164
0.92164
0.92164
0.92164
0.92164
0.92164
0.92164
0.92164
0.92164
0.92164
0.92164
0.92164
0.92164
0.92164
0.92164
0.92164
0.92164
0.92164
0.92164
0.92164
0.92164
0.92164
0.92164
0.92164
0.92164
0.92164
0.92164
0.92164
0.92164
0.92164
0.92164
0.92164
0.92164
0.92164
0.92164
0.92164
0.92164
0.92164
0.92164
0.92164
0.92164
0.92164
0.92164
0.92164
0.92164
0.92164
0.92164
0.92164
0.92164
0.92164
0.92164
0.92164
0.92164
0.92164
0.92164
0.92164
0.92164
0.92164
0.92164
0.92164
0.92164
0.92164
0.92164
0.92164
0.92164
0.92164
0.92164
0.92164
0.92164
0.92164
0.92164
0.92164
0.92164
0.92164
0.92164
0.92164
0.92164
0.92164
0.92164
0.92164
0.92164
0.92164
0.92164
0.92164
0.92164
0.92164
0.92164
0.92164
0.92164
0.92164
0.92164
0.92164
0.92164
0.92164
0.92164
0.92164
0.92164
0.92164
0.92164
0.92164
0.92164
0.92164
0.92164
0.92164
0.92164
0.92164
0.92164
0.92164
0.92164
0.92164
0.92164
0.92164
0.92164
0.92164
0.92164
0.92164
0.92164
0.92164
0.92164
0.92164
0.92164
0.92164
0.92164
0.92164
0.92164
0.92164
0.92164
0.92164
0.92164
0.92164
0.92164
0.92164
0.92164
0.92164
0.92164
0.92164
0.92164
0.92164
0.92164
0.92164
0.92164
0.92164
0.92164
0.92164
0.92164
0.92164
0.92164
0.92164
0.92164
0.92164
0.92164
0.92164
0.92164
0.92164
0.92164
0.92164
0.92164
0.92164
0.92164
0.92164
0.92164
0.92164
0.92164
0.92164
0.92164
0.92164
0.92164
0.92164
0.92164
0.92164
0.92164
0.92164
0.92164
0.92164
0.92164
0.92164
0.92164
0.92164
0.92164
0.92164
0.92164
0.92164
0.92164
0.92164
0.92164
0.92164
0.92164
0.92164
0.92164
0.92164
0.92164
0.92164
0.92164
0.92164
0.92164
0.92164
0.92164
0.92164
0.92164
0.92164
0.92164
0.92164
0.92164
0.92164
0.92164
0.92164
0.92164
0.92164
0.92164
0.92164
0.92164
0.92164
0.92164
0.92164
0.92164
0.92164
0.92164
0.92164
0.92164
0.92164
0.92164
0.92164
0.92164
0.92164
0.92164
0.92164
0.92164
0.92164
0.92164
0.92164
0.92164
0.92164
0.92164
0.92164
0.92164
0.92164
0.92164
0.92164
0.92164
0.92164
0.92164
0.92164
0.92164
0.92164
0.92164
0.92164
0.92164
0.92164
0.92164
0.92164
0.92164
0.92164
0.92164
0.92164
0.92164
0.92164
0.92164
0.92164
0.92164
0.92164
0.92164
0.92164
0.92164
0.92164
0.92164
0.92164
0.92164
0.92164
0.92164
0.92164
0.92164
0.92164
0.92164
0.92164
0.92164
0.92164
0.92164
0.92164
0.92164
0.92164
0.92164
0.92164
0.92164
0.92164
0.92164
0.92164
0.92164
0.92164
0.92164
0.92164
0.92164
0.92164
0.92164
0.92164
0.92164
0.92164
0.92164
0.92164
0.92164
0.92164
0.92164
0.92164
0.92164
0.92164
0.92164
0.92164
0.92164
0.92164
0.92164
0.92164
0.92164
0.92164
0.92164
0.92164
0.92164
0.92164
0.92164
0.92164
0.92164
0.92164
0.92164
0.92164
0.92164
0.92164
0.92164
0.92164
0.92164
0.92164
0.92164
0.92164
0.92164
0.92164
0.92164
0.92164
0.92164
0.92164
0.92164
0.92164
0.92164
0.92164
0.92164
0.92164
0.92164
0.92164
0.92164
0.92164
0.92164
0.92164
0.92164
0.92164
0.92164
0.92164
0.92164
0.92164
0.92164
0.92164
0.92164
0.92164
0.92164
0.92164
0.92164
0.92164
0.92164
0.92164
0.92164
0.92164
0.92164
0.92164
0.92164
0.92164
0.92164
0.92164
0.92164
0.92164
0.92164
0.92164
0.92164
0.92164
0.92164
0.92164
0.92164
0.92164
0.92164
0.92164
0.92164
0.92164
0.92164
0.92164
0.92164
0.92164
0.92164
0.92164
0.92164
0.92164
0.92164
0.92164
0.92164
0.92164
0.92164
0.92164
0.92164
0.92164
0.92164
0.92164
0.92164
0.92164
0.92164
0.92164
0.92164
0.92164
0.92164
0.92164
0.92164
0.92164
0.92164
0.92164
0.92164
0.92164
0.92164
0.92164
0.92164
0.92164
0.92164
0.92164
0.92164
0.92164
0.92164
0.92164
0.92164
0.92164
0.92164
0.92164
0.92164
0.92164
0.92164
0.92164
0.92164
0.92164
0.92164
0.92164
0.92164
0.92164
0.92164
0.92164
0.92164
0.92164
0.92164
0.92164
0.92164
0.92164
0.92164
0.92164
0.92164
0.92164
0.92164
0.92164
0.92164
0.92164
0.92164
0.92164
0.92164
0.92164
0.92164
0.92164
0.92164
0.92164
0.92164
0.92164
0.92164
0.92164
0.92164
0.92164
0.92164
0.92164
0.92164
0.92164
0.92164
0.92164
0.92164
0.92164
0.92164
0.92164
0.92164
0.92164
0.92164
0.92164
0.92164
0.92164
0.92164
0.92164
0.92164
0.92164
0.92164
0.92164
0.92164
0.92164
0.92164
0.92164
0.92164
0.92164
0.92164
0.92164
0.92164
0.92164
0.92164
0.92164
0.92164
0.92164
0.92164
0.92164
0.92164
0.92164
0.92164
0.92164
0.92164
0.92164
0.92164
0.92164
0.92164
0.92164
0.92164
0.92164
0.92164
0.92164
0.92164
0.92164
0.92164
0.92164
0.92164
0.92164
0.92164
0.92164
0.92164
0.92164
0.92164
0.92164
0.92164
0.92164
0.92164
0.92164
0.92164
0.92164
0.92164
0.92164
0.92164
0.92164
0.92164
0.92164
0.92164
0.92164
0.92164
0.92164
0.92164
0.92164
0.92164
0.92164
0.92164
0.92164
0.92164
0.92164
0.92164
0.92164
0.92164
0.92164
0.92164
0.92164
0.92164
0.92164
0.92164
0.92164
0.92164
0.92164
0.92164
0.92164
0.92164
0.92164
0.92164
0.92164
0.92164
0.92164
0.92164
0.92164
0.92164
0.92164
0.92164
0.92164
0.92164
0.92164
0.92164
0.92164
0.92164
0.92164
0.92164
0.92164
0.92164
0.92164
0.92164
0.92164
0.92164
0.92164
0.92164
0.92164
0.92164
0.92164
0.92164
0.92164
0.92164
0.92164
0.92164
0.92164
0.92164
0.92164
0.92164
0.92164
0.92164
0.92164
0.92164
0.92164
0.92164
0.92164
0.92164
0.92164
0.92164
0.92164
0.92164
0.92164
0.92164
0.92164
0.92164
0.92164
0.92164
0.92164
0.92164
0.92164
0.92164
0.92164
0.92164
0.92164
0.92164
0.92164
0.92164
0.92164
0.92164
0.92164
0.92164
0.92164
0.92164
0.92164
0.92164
0.92164
0.92164
0.92164
0.92164
0.92164
0.92164
0.92164
0.92164
0.92164
0.92164
0.92164
0.92164
0.92164
0.92164
0.92164
0.92164
0.92164
0.92164
0.92164
0.92164
0.92164
0.92164
0.92164
0.92164
0.92164
0.92164
0.92164
0.92164
0.92164
0.92164
0.92164
0.92164
0.92164
0.92164
0.92164
0.92164
0.92164
0.92164
0.92164
0.92164
0.92164
0.92164
0.92164
0.92164
0.92164
0.92164
0.92164
0.92164
0.92164
0.92164
0.92164
0.92164
0.92164
0.92164
0.92164
0.92164
0.92164
0.92164
0.92164
0.92164
0.92164
0.92164
0.92164
0.92164
0.92164
0.92164
0.92164
0.92164
0.92164
0.92164
0.92164
0.92164
0.92164
0.92164
0.92164
0.92164
0.92164
0.92164
0.92164
0.92164
0.92164
0.92164
0.92164
0.92164
0.92164
0.92164
0.92164
0.92164
0.92164
0.92164
0.92164
0.92164
0.92164
0.92164
0.92164
0.92164
0.92164
0.92164
0.92164
0.92164
0.92164
0.92164
0.92164
0.92164
0.92164
0.92164
0.92164
0.92164
0.92164
0.92164
0.92164
0.92164
0.92164
0.92164
0.92164
0.92164
0.92164
0.92164
0.92164
0.92164
0.92164
0.92164
0.92164
0.92164
0.92164
0.92164
0.92164
0.92164
0.92164
0.92164
0.92164
0.92164
0.92164
0.92164
0.92164
0.92164
0.92164
0.92164
0.92164
0.92164
0.92164
0.92164
0.92164
0.92164
0.92164
0.92164
0.92164
0.92164
0.92164
0.92164
0.92164
0.92164
0.92164
0.92164
0.92164
0.92164
0.92164
0.92164
0.92164
0.92164
0.92164
0.92164
0.92164
0.92164
0.92164
0.92164
0.92164
0.92164
0.92164
0.92164
0.92164
0.92164
0.92164
0.92164
0.92164
0.92164
0.92164
0.92164
0.92164
0.92164
0.92164
0.92164
0.92164
0.92164
0.92164
0.92164
0.92164
0.92164
0.92164
0.92164
0.92164
0.92164
0.92164
0.92164
0.92164
0.92164
0.92164
0.92164
0.92164
0.92164
0.92164
0.92164
0.92164
0.92164
0.92164
0.92164
0.92164
0.92164
0.92164
0.92164
0.92164
0.92164
0.92164
0.92164
0.92164
0.92164
0.92164
0.92164
0.92164
0.92164
0.92164
0.92164
0.92164
0.92164
0.92164
0.92164
0.92164
0.92164
0.92164
0.92164
0.92164
0.92164
0.92164
0.92164
0.92164
0.92164
0.92164
0.92164
0.92164
0.92164
0.92164
0.92164
0.92164
0.92164
0.92164
0.92164
0.92164
0.92164
0.92164
0.92164
0.92164
0.92164
0.92164
0.92164
0.92164
0.92164
0.92164
0.92164
0.92164
0.92164
0.92164
0.92164
0.92164
0.92164
0.92164
0.92164
0.92164
0.92164
0.92164
0.92164
0.92164
0.92164
0.92164
0.92164
0.92164
0.92164
0.92164
0.92164
0.92164
0.92164
0.92164
0.92164
0.92164
0.92164
0.92164
0.92164
0.92164
0.92164
0.92164
0.92164
0.92164
0.92164
0.92164
0.92164
0.92164
0.92164
0.92164
0.92164
0.92164
0.92164
0.92164
0.92164
0.92164
0.92164
0.92164
0.92164
0.92164
0.92164
0.92164
0.92164
0.92164
0.92164
0.92164
0.92164
0.92164
0.92164
0.92164
0.92164
0.92164
0.92164
0.92164
0.92164
0.92164
0.92164
0.92164
0.92164
0.92164
0.92164
0.92164
0.92164
0.92164
0.92164
0.92164
0.92164
0.92164
0.92164
0.92164
0.92164
0.92164
0.92164
0.92164
0.92164
0.92164
0.92164
0.92164
0.92164
0.92164
0.92164
0.92164
0.92164
0.92164
0.92164
0.92164
0.92164
0.92164
0.92164
0.92164
0.92164
0.92164
0.92164
0.92164
0.92164
0.92164
0.92164
0.92164
0.92164
0.92164
0.92164
0.92164
0.92164
0.92164
0.92164
0.92164
0.92164
0.92164
0.92164
0.92164
0.92164
0.92164
0.92164
0.92164
0.92164
0.92164
0.92164
0.92164
0.92164
0.92164
0.92164
0.92164
0.92164
0.92164
0.92164
0.92164
0.92164
0.92164
0.92164
0.92164
0.92164
0.92164
0.92164
0.92164
0.92164
0.92164
0.92164
0.92164
0.92164
0.92164
0.92164
0.92164
0.92164
0.92164
0.92164
0.92164
0.92164
0.92164
0.92164
0.92164
0.92164
0.92164
0.92164
0.92164
0.92164
0.92164
0.92164
0.92164
0.92164
0.92164
0.92164
0.92164
0.92164
0.92164
0.92164
0.92164
0.92164
0.92164
0.92164
0.92164
0.92164
0.92164
0.92164
0.92164
0.92164
0.92164
0.92164
0.92164
0.92164
0.92164
0.92164
0.92164
0.92164
0.92164
0.92164
0.92164
0.92164
0.92164
0.92164
0.92164
0.92164
0.92164
0.92164
0.92164
0.92164
0.92164
0.92164
0.92164
0.92164
0.92164
0.92164
0.92164
0.92164
0.92164
0.92164
0.92164
0.92164
0.92164
0.92164
0.92164
0.92164
0.92164
0.92164
0.92164
0.92164
0.92164
0.92164
0.92164
0.92164
0.92164
0.92164
0.92164
0.92164
0.92164
0.92164
0.92164
0.92164
0.92164
0.92164
0.92164
0.92164
0.92164
0.92164
0.92164
0.92164
0.92164
0.92164
0.92164
0.92164
0.92164
0.92164
0.92164
0.92164
0.92164
0.92164
0.92164
0.92164
0.92164
0.92164
0.92164
0.92164
0.92164
0.92164
0.92164
0.92164
0.92164
0.92164
0.92164
0.92164
0.92164
0.92164
0.92164
0.92164
0.92164
0.92164
0.92164
0.92164
0.92164
0.92164
0.92164
0.92164
0.92164
0.92164
0.92164
0.92164
0.92164
0.92164
0.92164
0.92164
0.92164
0.92164
0.92164
0.92164
0.92164
0.92164
0.92164
0.92164
0.92164
0.92164
0.92164
0.92164
0.92164
0.92164
0.92164
0.92164
0.92164
0.92164
0.92164
0.92164
0.92164
0.92164
0.92164
0.92164
0.92164
0.92164
0.92164
0.92164
0.92164
0.92164
0.92164
0.92164
0.92164
0.92164
0.92164
0.92164
0.92164
0.92164
0.92164
0.92164
0.92164
0.92164
0.92164
0.92164
0.92164
0.92164
0.92164
0.92164
0.92164
0.92164
0.92164
0.92164
0.92164
0.92164
0.92164
0.92164
0.92164
