0.00000
0.00000
0.00006
0.00018
0.00035
0.00059
0.00088
0.00123
0.00164
0.00210
0.00262
0.00319
0.00382
0.00451
0.00524
0.00604
0.00688
0.00778
0.00873
0.00973
0.01079
0.01189
0.01305
0.01426
0.01551
0.01682
0.01817
0.01958
0.02103
0.02253
0.02408
0.02567
0.02731
0.02900
0.03073
0.03250
0.03433
0.03619
0.03810
0.04005
0.04205
0.04408
0.04616
0.04829
0.05045
0.05265
0.05489
0.05718
0.05950
0.06186
0.06426
0.06669
0.06917
0.07168
0.07423
0.07681
0.07943
0.08209
0.08478
0.08750
0.09026
0.09305
0.09588
0.09874
0.10163
0.10455
0.10750
0.11049
0.11350
0.11655
0.11962
0.12272
0.12586
0.12902
0.13220
0.13542
0.13866
0.14193
0.14523
0.14855
0.15190
0.15527
0.15866
0.16208
0.16553
0.16899
0.17248
0.17600
0.17953
0.18309
0.18666
0.19026
0.19388
0.19751
0.20117
0.20485
0.20854
0.21225
0.21599
0.21973
0.22350
0.22728
0.23108
0.23489
0.23872
0.24257
0.24643
0.25030
0.25419
0.25809
0.26200
0.26593
0.26987
0.27382
0.27779
0.28176
0.28575
0.28974
0.29375
0.29776
0.30179
0.30582
0.30987
0.31392
0.31798
0.32204
0.32612
0.33020
0.33429
0.33838
0.34248
0.34658
0.35069
0.35481
0.35893
0.36305
0.36718
0.37131
0.37544
0.37958
0.38372
0.38786
0.39201
0.39615
0.40030
0.40444
0.40859
0.41274
0.41689
0.42103
0.42518
0.42933
0.43347
0.43761
0.44176
0.44589
0.45003
0.45416
0.45829
0.46242
0.46655
0.47067
0.47478
0.47889
0.48300
0.48710
0.49120
0.49529
0.49937
0.50345
0.50752
0.51159
0.51565
0.51970
0.52374
0.52778
0.53181
0.53583
0.53984
0.54385
0.54784
0.55183
0.55581
0.55977
0.56373
0.56768
0.57162
0.57554
0.57946
0.58336
0.58726
0.59114
0.59501
0.59887
0.60272
0.60656
0.61038
0.61419
0.61799
0.62178
0.62555
0.62931
0.63305
0.63678
0.64050
0.64421
0.64790
0.65157
0.65523
0.65888
0.66251
0.66612
0.66972
0.67331
0.67688
0.68043
0.68397
0.68749
0.69100
0.69449
0.69796
0.70142
0.70486
0.70828
0.71169
0.71508
0.71845
0.72180
0.72514
0.72846
0.73176
0.73504
0.73831
0.74155
0.74478
0.74799
0.75118
0.75435
0.75751
0.76064
0.76376
0.76686
0.76993
0.77299
0.77603
0.77905
0.78205
0.78503
0.78799
0.79094
0.79386
0.79676
0.79964
0.80250
0.80534
0.80816
0.81096
0.81374
0.81650
0.81924
0.82196
0.82466
0.82734
0.82999
0.83263
0.83524
0.83784
0.84041
0.84296
0.84549
0.84800
0.85049
0.85296
0.85541
0.85783
0.86023
0.86262
0.86498
0.86732
0.86964
0.87193
0.87421
0.87646
0.87869
0.88091
0.88309
0.88526
0.88741
0.88953
0.89164
0.89372
0.89578
0.89782
0.89983
0.90183
0.90380
0.90575
0.90769
0.90959
0.91148
0.91335
0.91519
0.91701
0.91882
0.92059
0.92235
0.92409
0.92580
0.92750
0.92917
0.93082
0.93245
0.93406
0.93565
0.93721
0.93876
0.94028
0.94178
0.94326
0.94472
0.94616
0.94758
0.94897
0.95035
0.95170
0.95304
0.95435
0.95564
0.95691
0.95817
0.95940
0.96060
0.96179
0.96296
0.96411
0.96524
0.96634
0.96743
0.96850
0.96955
0.97057
0.97158
0.97257
0.97353
0.97448
0.97541
0.97631
0.97720
0.97807
0.97892
0.97975
0.98056
0.98135
0.98212
0.98287
0.98361
0.98432
0.98502
0.98569
0.98635
0.98699
0.98761
0.98821
0.98880
0.98936
0.98991
0.99044
0.99095
0.99144
0.99192
0.99238
0.99282
0.99324
0.99364
0.99403
0.99440
0.99475
0.99509
0.99540
0.99571
0.99599
0.99626
0.99651
0.99674
0.99696
0.99716
0.99735
0.99752
0.99767
0.99781
0.99793
0.99803
0.99812
0.99820
0.99825
0.99830
0.99832
0.99834
0.99833
0.99832
0.99828
0.99824
0.99818
0.99810
0.99801
0.99790
0.99778
0.99765
0.99750
0.99734
0.99716
0.99698
0.99677
0.99656
0.99633
0.99608
0.99583
0.99556
0.99528
0.99498
0.99467
0.99435
0.99402
0.99368
0.99332
0.99295
0.99257
0.99218
0.99177
0.99135
0.99092
0.99048
0.99003
0.98957
0.98910
0.98861
0.98812
0.98761
0.98709
0.98656
0.98603
0.98548
0.98492
0.98435
0.98377
0.98318
0.98258
0.98197
0.98135
0.98073
0.98009
0.97944
0.97879
0.97812
0.97745
0.97677
0.97608
0.97538
0.97467
0.97395
0.97323
0.97250
0.97176
0.97101
0.97025
0.96949
0.96872
0.96794
0.96715
0.96636
0.96556
0.96475
0.96393
0.96311
0.96228
0.96145
0.96061
0.95976
0.95891
0.95805
0.95718
0.95631
0.95543
0.95455
0.95366
0.95276
0.95186
0.95096
0.95005
0.94913
0.94821
0.94728
0.94635
0.94542
0.94448
0.94353
0.94258
0.94163
0.94067
0.93971
0.93874
0.93778
0.93680
0.93582
0.93484
0.93386
0.93287
0.93188
0.93089
0.92989
0.92889
0.92789
0.92688
0.92587
0.92486
0.92385
0.92283
0.92181
0.92079
0.91977
0.91874
0.91772
0.91669
0.91566
0.91462
0.91359
0.91255
0.91152
0.91048
0.90944
0.90840
0.90735
0.90631
0.90527
0.90422
0.90318
0.90213
0.90108
0.90003
0.89899
0.89794
0.89689
0.89584
0.89479
0.89374
0.89269
0.89164
0.89059
0.88954
0.88850
0.88745
0.88640
0.88535
0.88431
0.88326
0.88222
0.88117
0.88013
0.87909
0.87805
0.87701
0.87597
0.87493
0.87390
0.87286
0.87183
0.87080
0.86977
0.86874
0.86771
0.86669
0.86566
0.86464
0.86362
0.86261
0.86159
0.86058
0.85957
0.85856
0.85756
0.85655
0.85555
0.85455
0.85356
0.85257
0.85158
0.85059
0.84960
0.84862
0.84764
0.84667
0.84569
0.84472
0.84376
0.84279
0.84183
0.84088
0.83992
0.83897
0.83803
0.83708
0.83614
0.83521
0.83427
0.83334
0.83242
0.83150
0.83058
0.82967
0.82875
0.82785
0.82695
0.82605
0.82515
0.82426
0.82338
0.82250
0.82162
0.82074
0.81987
0.81901
0.81815
0.81729
0.81644
0.81559
0.81475
0.81391
0.81308
0.81225
0.81142
0.81060
0.80978
0.80897
0.80817
0.80737
0.80657
0.80578
0.80499
0.80421
0.80343
0.80266
0.80189
0.80112
0.80037
0.79961
0.79886
0.79812
0.79738
0.79665
0.79592
0.79520
0.79448
0.79377
0.79306
0.79236
0.79166
0.79097
0.79028
0.78960
0.78893
0.78825
0.78759
0.78693
0.78627
0.78562
0.78498
0.78434
0.78370
0.78308
0.78245
0.78183
0.78122
0.78062
0.78001
0.77942
0.77883
0.77824
0.77766
0.77709
0.77652
0.77595
0.77539
0.77484
0.77429
0.77375
0.77322
0.77268
0.77216
0.77164
0.77112
0.77061
0.77011
0.76961
0.76912
0.76863
0.76815
0.76767
0.76720
0.76674
0.76628
0.76582
0.76537
0.76493
0.76449
0.76406
0.76363
0.76321
0.76279
0.76238
0.76197
0.76157
0.76118
0.76079
0.76041
0.76003
0.75965
0.75928
0.75892
0.75856
0.75821
0.75786
0.75752
0.75719
0.75685
0.75653
0.75621
0.75589
0.75558
0.75528
0.75498
0.75468
0.75439
0.75411
0.75383
0.75356
0.75329
0.75302
0.75276
0.75251
0.75226
0.75202
0.75178
0.75155
0.75132
0.75109
0.75087
0.75066
0.75045
0.75025
0.75005
0.74985
0.74966
0.74948
0.74930
0.74912
0.74895
0.74879
0.74863
0.74847
0.74832
0.74817
0.74803
0.74789
0.74776
0.74763
0.74751
0.74739
0.74727
0.74716
0.74706
0.74696
0.74686
0.74677
0.74668
0.74659
0.74651
0.74644
0.74637
0.74630
0.74624
0.74618
0.74612
0.74607
0.74603
0.74599
0.74595
0.74591
0.74588
0.74586
0.74584
0.74582
0.74580
0.74579
0.74579
0.74579
0.74579
0.74579
0.74580
0.74581
0.74583
0.74585
0.74587
0.74590
0.74593
0.74597
0.74600
0.74605
0.74609
0.74614
0.74619
0.74625
0.74630
0.74637
0.74643
0.74650
0.74657
0.74665
0.74673
0.74681
0.74689
0.74698
0.74707
0.74716
0.74726
0.74736
0.74747
0.74757
0.74768
0.74779
0.74791
0.74802
0.74814
0.74827
0.74839
0.74852
0.74865
0.74879
0.74892
0.74906
0.74921
0.74935
0.74950
0.74965
0.74980
0.74995
0.75011
0.75027
0.75043
0.75059
0.75076
0.75093
0.75110
0.75127
0.75145
0.75162
0.75180
0.75199
0.75217
0.75235
0.75254
0.75273
0.75292
0.75312
0.75331
0.75351
0.75371
0.75391
0.75411
0.75432
0.75452
0.75473
0.75494
0.75515
0.75537
0.75558
0.75580
0.75602
0.75624
0.75646
0.75668
0.75690
0.75713
0.75735
0.75758
0.75781
0.75804
0.75827
0.75851
0.75874
0.75898
0.75921
0.75945
0.75969
0.75993
0.76017
0.76042
0.76066
0.76090
0.76115
0.76140
0.76164
0.76189
0.76214
0.76239
0.76264
0.76289
0.76314
0.76340
0.76365
0.76391
0.76416
0.76442
0.76467
0.76493
0.76519
0.76545
0.76571
0.76597
0.76623
0.76649
0.76675
0.76701
0.76727
0.76753
0.76779
0.76806
0.76832
0.76858
0.76885
0.76911
0.76938
0.76964
0.76991
0.77017
0.77043
0.77070
0.77097
0.77123
0.77150
0.77176
0.77203
0.77229
0.77256
0.77282
0.77309
0.77335
0.77362
0.77388
0.77415
0.77441
0.77468
0.77494
0.77521
0.77547
0.77573
0.77600
0.77626
0.77652
0.77679
0.77705
0.77731
0.77757
0.77783
0.77810
0.77836
0.77862
0.77888
0.77913
0.77939
0.77965
0.77991
0.78017
0.78042
0.78068
0.78093
0.78119
0.78144
0.78170
0.78195
0.78220
0.78245
0.78271
0.78296
0.78321
0.78345
0.78370
0.78395
0.78420
0.78444
0.78469
0.78493
0.78518
0.78542
0.78566
0.78590
0.78614
0.78638
0.78662
0.78686
0.78709
0.78733
0.78757
0.78780
0.78803
0.78826
0.78850
0.78873
0.78895
0.78918
0.78941
0.78964
0.78986
0.79008
0.79031
0.79053
0.79075
0.79097
0.79119
0.79141
0.79162
0.79184
0.79205
0.79227
0.79248
0.79269
0.79290
0.79311
0.79331
0.79352
0.79372
0.79393
0.79413
0.79433
0.79453
0.79473
0.79493
0.79513
0.79532
0.79552
0.79571
0.79590
0.79609
0.79628
0.79647
0.79665
0.79684
0.79702
0.79721
0.79739
0.79757
0.79775
0.79792
0.79810
0.79827
0.79845
0.79862
0.79879
0.79896
0.79913
0.79930
0.79946
0.79962
0.79979
0.79995
0.80011
0.80027
0.80043
0.80058
0.80074
0.80089
0.80104
0.80119
0.80134
0.80149
0.80164
0.80178
0.80192
0.80207
0.80221
0.80235
0.80249
0.80262
0.80276
0.80289
0.80303
0.80316
0.80329
0.80342
0.80354
0.80367
0.80379
0.80392
0.80404
0.80416
0.80428
0.80439
0.80451
0.80462
0.80474
0.80485
0.80496
0.80507
0.80518
0.80528
0.80539
0.80549
0.80560
0.80570
0.80580
0.80590
0.80599
0.80609
0.80618
0.80628
0.80637
0.80646
0.80655
0.80663
0.80672
0.80680
0.80689
0.80697
0.80705
0.80713
0.80721
0.80729
0.80736
0.80744
0.80751
0.80758
0.80765
0.80772
0.80779
0.80785
0.80792
0.80798
0.80805
0.80811
0.80817
0.80823
0.80828
0.80834
0.80840
0.80845
0.80850
0.80855
0.80860
0.80865
0.80870
0.80875
0.80879
0.80884
0.80888
0.80892
0.80896
0.80900
0.80904
0.80908
0.80911
0.80915
0.80918
0.80921
0.80924
0.80927
0.80930
0.80933
0.80936
0.80938
0.80941
0.80943
0.80945
0.80947
0.80949
0.80951
0.80953
0.80955
0.80956
0.80958
0.80959
0.80960
0.80961
0.80962
0.80963
0.80964
0.80965
0.80966
0.80966
0.80967
0.80967
0.80967
0.80967
0.80967
0.80967
0.80967
0.80967
0.80967
0.80966
0.80966
0.80965
0.80964
0.80964
0.80963
0.80962
0.80961
0.80959
0.80958
0.80957
0.80955
0.80954
0.80952
0.80951
0.80949
0.80947
0.80945
0.80943
0.80941
0.80939
0.80937
0.80934
0.80932
0.80930
0.80927
0.80924
0.80922
0.80919
0.80916
0.80913
0.80910
0.80907
0.80904
0.80901
0.80898
0.80894
0.80891
0.80887
0.80884
0.80880
0.80877
0.80873
0.80869
0.80865
0.80861
0.80857
0.80853
0.80849
0.80845
0.80841
0.80837
0.80832
0.80828
0.80823
0.80819
0.80814
0.80810
0.80805
0.80800
0.80796
0.80791
0.80786
0.80781
0.80776
0.80771
0.80766
0.80761
0.80756
0.80751
0.80745
0.80740
0.80735
0.80729
0.80724
0.80719
0.80713
0.80708
0.80702
0.80696
0.80691
0.80685
0.80679
0.80674
0.80668
0.80662
0.80656
0.80650
0.80644
0.80639
0.80633
0.80627
0.80621
0.80615
0.80608
0.80602
0.80596
0.80590
0.80584
0.80578
0.80571
0.80565
0.80559
0.80553
0.80546
0.80540
0.80533
0.80527
0.80521
0.80514
0.80508
0.80501
0.80495
0.80488
0.80482
0.80475
0.80469
0.80462
0.80456
0.80449
0.80443
0.80436
0.80429
0.80423
0.80416
0.80409
0.80403
0.80396
0.80389
0.80383
0.80376
0.80369
0.80363
0.80356
0.80349
0.80343
0.80336
0.80329
0.80323
0.80316
0.80309
0.80302
0.80296
0.80289
0.80282
0.80276
0.80269
0.80262
0.80255
0.80249
0.80242
0.80235
0.80229
0.80222
0.80215
0.80209
0.80202
0.80195
0.80189
0.80182
0.80175
0.80169
0.80162
0.80155
0.80149
0.80142
0.80136
0.80129
0.80123
0.80116
0.80110
0.80103
0.80096
0.80090
0.80084
0.80077
0.80071
0.80064
0.80058
0.80051
0.80045
0.80039
0.80032
0.80026
0.80020
0.80013
0.80007
0.80001
0.79995
0.79988
0.79982
0.79976
0.79970
0.79964
0.79958
0.79951
0.79945
0.79939
0.79933
0.79927
0.79921
0.79915
0.79909
0.79904
0.79898
0.79892
0.79886
0.79880
0.79874
0.79869
0.79863
0.79857
0.79851
0.79846
0.79840
0.79834
0.79829
0.79823
0.79818
0.79812
0.79807
0.79801
0.79796
0.79791
0.79785
0.79780
0.79775
0.79769
0.79764
0.79759
0.79754
0.79749
0.79743
0.79738
0.79733
0.79728
0.79723
0.79718
0.79713
0.79708
0.79704
0.79699
0.79694
0.79689
0.79684
0.79680
0.79675
0.79670
0.79666
0.79661
0.79657
0.79652
0.79648
0.79643
0.79639
0.79634
0.79630
0.79626
0.79621
0.79617
0.79613
0.79609
0.79605
0.79601
0.79596
0.79592
0.79588
0.79584
0.79580
0.79577
0.79573
0.79569
0.79565
0.79561
0.79558
0.79554
0.79550
0.79547
0.79543
0.79539
0.79536
0.79532
0.79529
0.79526
0.79522
0.79519
0.79515
0.79512
0.79509
0.79506
0.79503
0.79499
0.79496
0.79493
0.79490
0.79487
0.79484
0.79481
0.79478
0.79476
0.79473
0.79470
0.79467
0.79464
0.79462
0.79459
0.79456
0.79454
0.79451
0.79449
0.79446
0.79444
0.79441
0.79439
0.79437
0.79434
0.79432
0.79430
0.79428
0.79426
0.79423
0.79421
0.79419
0.79417
0.79415
0.79413
0.79411
0.79409
0.79407
0.79406
0.79404
0.79402
0.79400
0.79399
0.79397
0.79395
0.79394
0.79392
0.79391
0.79389
0.79388
0.79386
0.79385
0.79383
0.79382
0.79381
0.79379
0.79378
0.79377
0.79376
0.79374
0.79373
0.79372
0.79371
0.79370
0.79369
0.79368
0.79367
0.79366
0.79365
0.79364
0.79364
0.79363
0.79362
0.79361
0.79360
0.79360
0.79359
0.79358
0.79358
0.79357
0.79357
0.79356
0.79356
0.79355
0.79355
0.79354
0.79354
0.79354
0.79353
0.79353
0.79353
0.79352
0.79352
0.79352
0.79352
0.79352
0.79351
0.79351
0.79351
0.79351
0.79351
0.79351
0.79351
0.79351
0.79351
0.79351
0.79352
0.79352
0.79352
0.79352
0.79352
0.79352
0.79353
0.79353
0.79353
0.79354
0.79354
0.79354
0.79355
0.79355
0.79355
0.79356
0.79356
0.79357
0.79357
0.79358
0.79358
0.79359
0.79360
0.79360
0.79361
0.79361
0.79362
0.79363
0.79364
0.79364
0.79365
0.79366
0.79367
0.79367
0.79368
0.79369
0.79370
0.79371
0.79372
0.79372
0.79373
0.79374
0.79375
0.79376
0.79377
0.79378
0.79379
0.79380
0.79381
0.79382
0.79383
0.79384
0.79386
0.79387
0.79388
0.79389
0.79390
0.79391
0.79392
0.79394
0.79395
0.79396
0.79397
0.79399
0.79400
0.79401
0.79402
0.79404
0.79405
0.79406
0.79408
0.79409
0.79410
0.79412
0.79413
0.79414
0.79416
0.79417
0.79419
0.79420
0.79421
0.79423
0.79424
0.79426
0.79427
0.79429
0.79430
0.79432
0.79433
0.79435
0.79436
0.79438
0.79439
0.79441
0.79442
0.79444
0.79445
0.79447
0.79448
0.79450
0.79452
0.79453
0.79455
0.79456
0.79458
0.79460
0.79461
0.79463
0.79464
0.79466
0.79468
0.79469
0.79471
0.79473
0.79474
0.79476
0.79478
0.79479
0.79481
0.79483
0.79484
0.79486
0.79488
0.79489
0.79491
0.79493
0.79494
0.79496
0.79498
0.79499
0.79501
0.79503
0.79504
0.79506
0.79508
0.79510
0.79511
0.79513
0.79515
0.79516
0.79518
0.79520
0.79521
0.79523
0.79525
0.79527
0.79528
0.79530
0.79532
0.79533
0.79535
0.79537
0.79538
0.79540
0.79542
0.79543
0.79545
0.79547
0.79548
0.79550
0.79552
0.79554
0.79555
0.79557
0.79559
0.79560
0.79562
0.79564
0.79565
0.79567
0.79568
0.79570
0.79572
0.79573
0.79575
0.79577
0.79578
0.79580
0.79582
0.79583
0.79585
0.79586
0.79588
0.79590
0.79591
0.79593
0.79594
0.79596
0.79598
0.79599
0.79601
0.79602
0.79604
0.79605
0.79607
0.79608
0.79610
0.79612
0.79613
0.79615
0.79616
0.79618
0.79619
0.79621
0.79622
0.79624
0.79625
0.79626
0.79628
0.79629
0.79631
0.79632
0.79634
0.79635
0.79637
0.79638
0.79639
0.79641
0.79642
0.79644
0.79645
0.79646
0.79648
0.79649
0.79650
0.79652
0.79653
0.79654
0.79656
0.79657
0.79658
0.79660
0.79661
0.79662
0.79664
0.79665
0.79666
0.79667
0.79669
0.79670
0.79671
0.79672
0.79674
0.79675
0.79676
0.79677
0.79678
0.79679
0.79681
0.79682
0.79683
0.79684
0.79685
0.79686
0.79687
0.79689
0.79690
0.79691
0.79692
0.79693
0.79694
0.79695
0.79696
0.79697
0.79698
0.79699
0.79700
0.79701
0.79702
0.79703
0.79704
0.79705
0.79706
0.79707
0.79708
0.79709
0.79710
0.79711
0.79712
0.79713
0.79713
0.79714
0.79715
0.79716
0.79717
0.79718
0.79719
0.79719
0.79720
0.79721
0.79722
0.79723
0.79723
0.79724
0.79725
0.79726
0.79727
0.79727
0.79728
0.79729
0.79729
0.79730
0.79731
0.79732
0.79732
0.79733
0.79734
0.79734
0.79735
0.79735
0.79736
0.79737
0.79737
0.79738
0.79738
0.79739
0.79740
0.79740
0.79741
0.79741
0.79742
0.79742
0.79743
0.79743
0.79744
0.79744
0.79745
0.79745
0.79746
0.79746
0.79747
0.79747
0.79748
0.79748
0.79749
0.79749
0.79749
0.79750
0.79750
0.79751
0.79751
0.79751
0.79752
0.79752
0.79752
0.79753
0.79753
0.79753
0.79754
0.79754
0.79754
0.79754
0.79755
0.79755
0.79755
0.79756
0.79756
0.79756
0.79756
0.79757
0.79757
0.79757
0.79757
0.79757
0.79758
0.79758
0.79758
0.79758
0.79758
0.79758
0.79759
0.79759
0.79759
0.79759
0.79759
0.79759
0.79759
0.79759
0.79759
0.79760
0.79760
0.79760
0.79760
0.79760
0.79760
0.79760
0.79760
0.79760
0.79760
0.79760
0.79760
0.79760
0.79760
0.79760
0.79760
0.79760
0.79760
0.79760
0.79760
0.79760
0.79760
0.79760
0.79760
0.79760
0.79760
0.79759
0.79759
0.79759
0.79759
0.79759
0.79759
0.79759
0.79759
0.79759
0.79759
0.79758
0.79758
0.79758
0.79758
0.79758
0.79758
0.79758
0.79757
0.79757
0.79757
0.79757
0.79757
0.79756
0.79756
0.79756
0.79756
0.79756
0.79755
0.79755
0.79755
0.79755
0.79755
0.79754
0.79754
0.79754
0.79754
0.79753
0.79753
0.79753
0.79753
0.79752
0.79752
0.79752
0.79752
0.79751
0.79751
0.79751
0.79750
0.79750
0.79750
0.79750
0.79749
0.79749
0.79749
0.79748
0.79748
0.79748
0.79747
0.79747
0.79747
0.79746
0.79746
0.79746
0.79745
0.79745
0.79745
0.79744
0.79744
0.79744
0.79743
0.79743
0.79743
0.79742
0.79742
0.79741
0.79741
0.79741
0.79740
0.79740
0.79740
0.79739
0.79739
0.79738
0.79738
0.79738
0.79737
0.79737
0.79737
0.79736
0.79736
0.79735
0.79735
0.79735
0.79734
0.79734
0.79733
0.79733
0.79733
0.79732
0.79732
0.79731
0.79731
0.79730
0.79730
0.79730
0.79729
0.79729
0.79728
0.79728
0.79728
0.79727
0.79727
0.79726
0.79726
0.79725
0.79725
0.79725
0.79724
0.79724
0.79723
0.79723
0.79722
0.79722
0.79722
0.79721
0.79721
0.79720
0.79720
0.79719
0.79719
0.79719
0.79718
0.79718
0.79717
0.79717
0.79716
0.79716
0.79716
0.79715
0.79715
0.79714
0.79714
0.79713
0.79713
0.79713
0.79712
0.79712
0.79711
0.79711
0.79710
0.79710
0.79710
0.79709
0.79709
0.79708
0.79708
0.79708
0.79707
0.79707
0.79706
0.79706
0.79705
0.79705
0.79705
0.79704
0.79704
0.79703
0.79703
0.79702
0.79702
0.79702
0.79701
0.79701
0.79700
0.79700
0.79700
0.79699
0.79699
0.79698
0.79698
0.79698
0.79697
0.79697
0.79696
0.79696
0.79696
0.79695
0.79695
0.79694
0.79694
0.79694
0.79693
0.79693
0.79693
0.79692
0.79692
0.79691
0.79691
0.79691
0.79690
0.79690
0.79690
0.79689
0.79689
0.79688
0.79688
0.79688
0.79687
0.79687
0.79687
0.79686
0.79686
0.79686
0.79685
0.79685
0.79685
0.79684
0.79684
0.79684
0.79683
0.79683
0.79683
0.79682
0.79682
0.79682
0.79681
0.79681
0.79681
0.79680
0.79680
0.79680
0.79679
0.79679
0.79679
0.79678
0.79678
0.79678
0.79678
0.79677
0.79677
0.79677
0.79676
0.79676
0.79676
0.79675
0.79675
0.79675
0.79675
0.79674
0.79674
0.79674
0.79674
0.79673
0.79673
0.79673
0.79672
0.79672
0.79672
0.79672
0.79671
0.79671
0.79671
0.79671
0.79670
0.79670
0.79670
0.79670
0.79669
0.79669
0.79669
0.79669
0.79669
0.79668
0.79668
0.79668
0.79668
0.79667
0.79667
0.79667
0.79667
0.79667
0.79666
0.79666
0.79666
0.79666
0.79666
0.79665
0.79665
0.79665
0.79665
0.79665
0.79664
0.79664
0.79664
0.79664
0.79664
0.79664
0.79663
0.79663
0.79663
0.79663
0.79663
0.79663
0.79662
0.79662
0.79662
0.79662
0.79662
0.79662
0.79662
0.79661
0.79661
0.79661
0.79661
0.79661
0.79661
0.79661
0.79661
0.79660
0.79660
0.79660
0.79660
0.79660
0.79660
0.79660
0.79660
0.79659
0.79659
0.79659
0.79659
0.79659
0.79659
0.79659
0.79659
0.79659
0.79659
0.79659
0.79658
0.79658
0.79658
0.79658
0.79658
0.79658
0.79658
0.79658
0.79658
0.79658
0.79658
0.79658
0.79658
0.79658
0.79657
0.79657
0.79657
0.79657
0.79657
0.79657
0.79657
0.79657
0.79657
0.79657
0.79657
0.79657
0.79657
0.79657
0.79657
0.79657
0.79657
0.79657
0.79657
0.79657
0.79657
0.79657
0.79657
0.79657
0.79657
0.79657
0.79657
0.79657
0.79657
0.79657
0.79657
0.79657
0.79657
0.79657
0.79657
0.79657
0.79657
0.79657
0.79657
0.79657
0.79657
0.79657
0.79657
0.79657
0.79657
0.79657
0.79657
0.79657
0.79657
0.79657
0.79657
0.79657
0.79657
0.79657
0.79657
0.79657
0.79657
0.79657
0.79657
0.79657
0.79657
0.79657
0.79657
0.79657
0.79657
0.79657
0.79657
0.79657
0.79658
0.79658
0.79658
0.79658
0.79658
0.79658
0.79658
0.79658
0.79658
0.79658
0.79658
0.79658
0.79658
0.79658
0.79658
0.79658
0.79658
0.79658
0.79659
0.79659
0.79659
0.79659
0.79659
0.79659
0.79659
0.79659
0.79659
0.79659
0.79659
0.79659
0.79659
0.79660
0.79660
0.79660
0.79660
0.79660
0.79660
0.79660
0.79660
0.79660
0.79660
0.79660
0.79660
0.79661
0.79661
0.79661
0.79661
0.79661
0.79661
0.79661
0.79661
0.79661
0.79661
0.79661
0.79662
0.79662
0.79662
0.79662
0.79662
0.79662
0.79662
0.79662
0.79662
0.79662
0.79662
0.79663
0.79663
0.79663
0.79663
0.79663
0.79663
0.79663
0.79663
0.79663
0.79663
0.79664
0.79664
0.79664
0.79664
0.79664
0.79664
0.79664
0.79664
0.79664
0.79665
0.79665
0.79665
0.79665
0.79665
0.79665
0.79665
0.79665
0.79665
0.79665
0.79666
0.79666
0.79666
0.79666
0.79666
0.79666
0.79666
0.79666
0.79666
0.79667
0.79667
0.79667
0.79667
0.79667
0.79667
0.79667
0.79667
0.79667
0.79668
0.79668
0.79668
0.79668
0.79668
0.79668
0.79668
0.79668
0.79668
0.79669
0.79669
0.79669
0.79669
0.79669
0.79669
0.79669
0.79669
0.79669
0.79669
0.79670
0.79670
0.79670
0.79670
0.79670
0.79670
0.79670
0.79670
0.79670
0.79671
0.79671
0.79671
0.79671
0.79671
0.79671
0.79671
0.79671
0.79671
0.79671
0.79672
0.79672
0.79672
0.79672
0.79672
0.79672
0.79672
0.79672
0.79672
0.79673
0.79673
0.79673
0.79673
0.79673
0.79673
0.79673
0.79673
0.79673
0.79673
0.79673
0.79674
0.79674
0.79674
0.79674
0.79674
0.79674
0.79674
0.79674
0.79674
0.79674
0.79675
0.79675
0.79675
0.79675
0.79675
0.79675
0.79675
0.79675
0.79675
0.79675
0.79675
0.79676
0.79676
0.79676
0.79676
0.79676
0.79676
0.79676
0.79676
0.79676
0.79676
0.79676
0.79676
0.79677
0.79677
0.79677
0.79677
0.79677
0.79677
0.79677
0.79677
0.79677
0.79677
0.79677
0.79677
0.79677
0.79678
0.79678
0.79678
0.79678
0.79678
0.79678
0.79678
0.79678
0.79678
0.79678
0.79678
0.79678
0.79678
0.79678
0.79679
0.79679
0.79679
0.79679
0.79679
0.79679
0.79679
0.79679
0.79679
0.79679
0.79679
0.79679
0.79679
0.79679
0.79679
0.79680
0.79680
0.79680
0.79680
0.79680
0.79680
0.79680
0.79680
0.79680
0.79680
0.79680
0.79680
0.79680
0.79680
0.79680
0.79680
0.79680
0.79680
0.79680
0.79681
0.79681
0.79681
0.79681
0.79681
0.79681
0.79681
0.79681
0.79681
0.79681
0.79681
0.79681
0.79681
0.79681
0.79681
0.79681
0.79681
0.79681
0.79681
0.79681
0.79681
0.79681
0.79681
0.79682
0.79682
0.79682
0.79682
0.79682
0.79682
0.79682
0.79682
0.79682
0.79682
0.79682
0.79682
0.79682
0.79682
0.79682
0.79682
0.79682
0.79682
0.79682
0.79682
0.79682
0.79682
0.79682
0.79682
0.79682
0.79682
0.79682
0.79682
0.79682
0.79682
0.79682
0.79682
0.79682
0.79682
0.79682
0.79682
0.79682
0.79682
0.79682
0.79683
0.79683
0.79683
0.79683
0.79683
0.79683
0.79683
0.79683
0.79683
0.79683
0.79683
0.79683
0.79683
0.79683
0.79683
0.79683
0.79683
0.79683
0.79683
0.79683
0.79683
0.79683
0.79683
0.79683
0.79683
0.79683
0.79683
0.79683
0.79683
0.79683
0.79683
0.79683
0.79683
0.79683
0.79683
0.79683
0.79683
0.79683
0.79683
0.79683
0.79683
0.79683
0.79683
0.79683
0.79683
0.79683
0.79683
0.79683
0.79683
0.79683
0.79683
0.79683
0.79683
0.79683
0.79683
0.79683
0.79683
0.79683
0.79683
0.79683
0.79683
0.79683
0.79683
0.79683
0.79683
0.79683
0.79683
0.79683
0.79683
0.79683
0.79683
0.79683
0.79683
0.79683
0.79682
0.79682
0.79682
0.79682
0.79682
0.79682
0.79682
0.79682
0.79682
0.79682
0.79682
0.79682
0.79682
0.79682
0.79682
0.79682
0.79682
0.79682
0.79682
0.79682
0.79682
0.79682
0.79682
0.79682
0.79682
0.79682
0.79682
0.79682
0.79682
0.79682
0.79682
0.79682
0.79682
0.79682
0.79682
0.79682
0.79682
0.79682
0.79682
0.79682
0.79682
0.79682
0.79682
0.79682
0.79682
0.79682
0.79682
0.79682
0.79682
0.79682
0.79682
0.79682
0.79682
0.79681
0.79681
0.79681
0.79681
0.79681
0.79681
0.79681
0.79681
0.79681
0.79681
0.79681
0.79681
0.79681
0.79681
0.79681
0.79681
0.79681
0.79681
0.79681
0.79681
0.79681
0.79681
0.79681
0.79681
0.79681
0.79681
0.79681
0.79681
0.79681
0.79681
0.79681
0.79681
0.79681
0.79681
0.79681
0.79681
0.79681
0.79681
0.79680
0.79680
0.79680
0.79680
0.79680
0.79680
0.79680
0.79680
0.79680
0.79680
0.79680
0.79680
0.79680
0.79680
0.79680
0.79680
0.79680
0.79680
0.79680
0.79680
0.79680
0.79680
0.79680
0.79680
0.79680
0.79680
0.79680
0.79680
0.79680
0.79680
0.79680
0.79680
0.79680
0.79680
0.79680
0.79680
0.79680
0.79679
0.79679
0.79679
0.79679
0.79679
0.79679
0.79679
0.79679
0.79679
0.79679
0.79679
0.79679
0.79679
0.79679
0.79679
0.79679
0.79679
0.79679
0.79679
0.79679
0.79679
0.79679
0.79679
0.79679
0.79679
0.79679
0.79679
0.79679
0.79679
0.79679
0.79679
0.79679
0.79679
0.79679
0.79679
0.79679
0.79679
0.79679
0.79678
0.79678
0.79678
0.79678
0.79678
0.79678
0.79678
0.79678
0.79678
0.79678
0.79678
0.79678
0.79678
0.79678
0.79678
0.79678
0.79678
0.79678
0.79678
0.79678
0.79678
0.79678
0.79678
0.79678
0.79678
0.79678
0.79678
0.79678
0.79678
0.79678
0.79678
0.79678
0.79678
0.79678
0.79678
0.79678
0.79678
0.79678
0.79678
0.79678
0.79678
0.79678
0.79678
0.79678
0.79678
0.79677
0.79677
0.79677
0.79677
0.79677
0.79677
0.79677
0.79677
0.79677
0.79677
0.79677
0.79677
0.79677
0.79677
0.79677
0.79677
0.79677
0.79677
0.79677
0.79677
0.79677
0.79677
0.79677
0.79677
0.79677
0.79677
0.79677
0.79677
0.79677
0.79677
0.79677
0.79677
0.79677
0.79677
0.79677
0.79677
0.79677
0.79677
0.79677
0.79677
0.79677
0.79677
0.79677
0.79677
0.79677
0.79677
0.79677
0.79677
0.79677
0.79677
0.79677
0.79677
0.79677
0.79677
0.79677
0.79677
0.79677
0.79677
0.79677
0.79677
0.79677
0.79677
0.79677
0.79677
0.79677
0.79677
0.79677
0.79677
0.79677
0.79677
0.79676
0.79676
0.79676
0.79676
0.79676
0.79676
0.79676
0.79676
0.79676
0.79676
0.79676
0.79676
0.79676
0.79676
0.79676
0.79676
0.79676
0.79676
0.79676
0.79676
0.79676
0.79676
0.79676
0.79676
0.79676
0.79676
0.79676
0.79676
0.79676
0.79676
0.79676
0.79676
0.79676
0.79676
0.79676
0.79676
0.79676
0.79676
0.79676
0.79676
0.79676
0.79676
0.79676
0.79676
0.79676
0.79676
0.79676
0.79676
0.79676
0.79676
0.79676
0.79676
0.79676
0.79676
0.79676
0.79676
0.79676
0.79676
0.79676
0.79676
0.79676
0.79676
0.79676
0.79676
0.79676
0.79676
0.79676
0.79676
0.79676
0.79676
0.79676
0.79676
0.79676
0.79676
0.79676
0.79676
0.79676
0.79676
0.79676
0.79676
0.79676
0.79676
0.79676
0.79676
0.79676
0.79676
0.79676
0.79676
0.79676
0.79676
0.79676
0.79676
0.79676
0.79676
0.79676
0.79676
0.79676
0.79676
0.79676
0.79676
0.79676
0.79676
0.79676
0.79676
0.79676
0.79676
0.79676
0.79676
0.79676
0.79676
0.79676
0.79676
0.79676
0.79676
0.79676
0.79676
0.79676
0.79676
0.79676
0.79676
0.79676
0.79676
0.79676
0.79676
0.79676
0.79676
0.79676
0.79676
0.79676
0.79676
0.79676
0.79676
0.79676
0.79676
0.79676
0.79676
0.79676
0.79676
0.79676
0.79676
0.79676
0.79676
0.79676
0.79676
0.79676
0.79676
0.79676
0.79676
0.79676
0.79676
0.79676
0.79676
0.79676
0.79676
0.79676
0.79676
0.79676
0.79676
0.79676
0.79676
0.79676
0.79676
0.79676
0.79676
0.79676
0.79676
0.79676
0.79676
0.79676
0.79676
0.79676
0.79676
0.79676
0.79677
0.79677
0.79677
0.79677
0.79677
0.79677
0.79677
0.79677
0.79677
0.79677
0.79677
0.79677
0.79677
0.79677
0.79677
0.79677
0.79677
0.79677
0.79677
0.79677
0.79677
0.79677
0.79677
0.79677
0.79677
0.79677
0.79677
0.79677
0.79677
0.79677
0.79677
0.79677
0.79677
0.79677
0.79677
0.79677
0.79677
0.79677
0.79677
0.79677
0.79677
0.79677
0.79677
0.79677
0.79677
0.79677
0.79677
0.79677
0.79677
0.79677
0.79677
0.79677
0.79677
0.79677
0.79677
0.79677
0.79677
0.79677
0.79677
0.79677
0.79677
0.79677
0.79677
0.79677
0.79677
0.79677
0.79677
0.79677
0.79677
0.79677
0.79677
0.79677
0.79677
0.79677
0.79677
0.79677
0.79677
0.79677
0.79677
0.79677
0.79677
0.79677
0.79677
0.79677
0.79677
0.79677
0.79677
0.79677
0.79677
0.79677
0.79677
0.79677
0.79677
0.79677
0.79677
0.79677
0.79677
0.79677
0.79677
0.79677
0.79677
0.79677
0.79677
0.79677
0.79677
0.79677
0.79677
0.79677
0.79677
0.79677
0.79677
0.79677
0.79677
0.79677
0.79677
0.79677
0.79677
0.79677
0.79677
0.79677
0.79677
0.79677
0.79677
0.79677
0.79677
0.79677
0.79677
0.79677
0.79677
0.79677
0.79677
0.79677
0.79677
0.79677
0.79677
0.79677
0.79677
0.79677
0.79677
0.79677
0.79677
0.79677
0.79677
0.79677
0.79677
0.79677
0.79677
0.79677
0.79677
0.79677
0.79677
0.79677
0.79677
0.79677
0.79677
0.79677
0.79677
0.79677
0.79678
0.79678
0.79678
0.79678
0.79678
0.79678
0.79678
0.79678
0.79678
0.79678
0.79678
0.79678
0.79678
0.79678
0.79678
0.79678
0.79678
0.79678
0.79678
0.79678
0.79678
0.79678
0.79678
0.79678
0.79678
0.79678
0.79678
0.79678
0.79678
0.79678
0.79678
0.79678
0.79678
0.79678
0.79678
0.79678
0.79678
0.79678
0.79678
0.79678
0.79678
0.79678
0.79678
0.79678
0.79678
0.79678
0.79678
0.79678
0.79678
0.79678
0.79678
0.79678
0.79678
0.79678
0.79678
0.79678
0.79678
0.79678
0.79678
0.79678
0.79678
0.79678
0.79678
0.79678
0.79678
0.79678
0.79678
0.79678
0.79678
0.79678
0.79678
0.79678
0.79678
0.79678
0.79678
0.79678
0.79678
0.79678
0.79678
0.79678
0.79678
0.79678
0.79678
0.79678
0.79678
0.79678
0.79678
0.79678
0.79678
0.79678
0.79678
0.79678
0.79678
0.79678
0.79678
0.79678
0.79678
0.79678
0.79678
0.79678
0.79678
0.79678
0.79678
0.79678
0.79678
0.79678
0.79678
0.79678
0.79678
0.79678
0.79678
0.79678
0.79678
0.79678
0.79678
0.79678
0.79678
0.79678
0.79678
0.79678
0.79678
0.79678
0.79678
0.79678
0.79678
0.79678
0.79678
0.79678
0.79678
0.79678
0.79678
0.79678
0.79678
0.79678
0.79678
0.79678
0.79678
0.79678
0.79678
0.79678
0.79678
0.79678
0.79678
0.79678
0.79678
0.79678
0.79678
0.79678
0.79678
0.79678
0.79678
0.79678
0.79678
0.79678
0.79678
0.79678
0.79678
0.79678
0.79678
0.79678
0.79678
0.79678
0.79678
0.79678
0.79678
0.79678
0.79678
0.79678
0.79678
0.79678
0.79678
0.79678
0.79678
0.79678
0.79678
0.79678
0.79678
0.79678
0.79678
0.79678
0.79678
0.79678
0.79678
0.79678
0.79678
0.79678
0.79678
0.79678
0.79678
0.79678
0.79678
0.79678
0.79678
0.79678
0.79678
0.79678
0.79678
0.79678
0.79678
0.79678
0.79678
0.79678
0.79678
0.79678
0.79678
0.79678
0.79678
0.79678
0.79678
0.79678
0.79678
0.79678
0.79678
0.79678
0.79678
0.79678
0.79678
0.79678
0.79678
0.79678
0.79678
0.79678
0.79678
0.79678
0.79678
0.79678
0.79678
0.79678
0.79678
0.79678
0.79678
0.79678
0.79678
0.79678
0.79678
0.79678
0.79678
0.79678
0.79678
0.79678
0.79678
0.79678
0.79678
0.79678
0.79678
0.79678
0.79678
0.79678
0.79678
0.79678
0.79678
0.79678
0.79678
0.79678
0.79678
0.79678
0.79678
0.79678
0.79678
0.79678
0.79678
0.79678
0.79678
0.79678
0.79678
0.79678
0.79678
0.79678
0.79678
0.79678
0.79678
0.79678
0.79678
0.79678
0.79678
0.79678
0.79678
0.79678
0.79678
0.79678
0.79678
0.79678
0.79678
0.79678
0.79678
0.79678
0.79678
0.79678
0.79678
0.79678
0.79678
0.79678
0.79678
0.79678
0.79678
0.79678
0.79678
0.79678
0.79678
0.79678
0.79678
0.79678
0.79678
0.79678
0.79678
0.79678
0.79678
0.79678
0.79678
0.79678
0.79678
0.79678
0.79678
0.79678
0.79678
0.79678
0.79678
0.79678
0.79678
0.79678
0.79678
0.79678
0.79678
0.79678
0.79678
0.79678
0.79678
0.79678
0.79678
0.79678
0.79678
0.79678
0.79678
0.79678
0.79678
0.79678
0.79678
0.79678
0.79678
0.79678
0.79678
0.79678
0.79678
0.79678
0.79678
0.79678
0.79678
0.79678
0.79678
0.79678
0.79678
0.79678
0.79678
0.79678
0.79678
0.79678
0.79678
0.79678
0.79678
0.79678
0.79678
0.79678
0.79678
0.79678
0.79678
0.79678
0.79678
0.79678
0.79678
0.79678
0.79678
0.79678
0.79678
0.79678
0.79678
0.79678
0.79678
0.79678
0.79678
0.79678
0.79678
0.79678
0.79677
0.79677
0.79677
0.79677
0.79677
0.79677
0.79677
0.79677
0.79677
0.79677
0.79677
0.79677
0.79677
0.79677
0.79677
0.79677
0.79677
0.79677
0.79677
0.79677
0.79677
0.79677
0.79677
0.79677
0.79677
0.79677
0.79677
0.79677
0.79677
0.79677
0.79677
0.79677
0.79677
0.79677
0.79677
0.79677
0.79677
0.79677
0.79677
0.79677
0.79677
0.79677
0.79677
0.79677
0.79677
0.79677
0.79677
0.79677
0.79677
0.79677
0.79677
0.79677
0.79677
0.79677
0.79677
0.79677
0.79677
0.79677
0.79677
0.79677
0.79677
0.79677
0.79677
0.79677
0.79677
0.79677
0.79677
0.79677
0.79677
0.79677
0.79677
0.79677
0.79677
0.79677
0.79677
0.79677
0.79677
0.79677
0.79677
0.79677
0.79677
0.79677
0.79677
0.79677
0.79677
0.79677
0.79677
0.79677
0.79677
0.79677
0.79677
0.79677
0.79677
0.79677
0.79677
0.79677
0.79677
0.79677
0.79677
0.79677
0.79677
0.79677
0.79677
0.79677
0.79677
0.79677
0.79677
0.79677
0.79677
0.79677
0.79677
0.79677
0.79677
0.79677
0.79677
0.79677
0.79677
0.79677
0.79677
0.79677
0.79677
0.79677
0.79677
0.79677
0.79677
0.79677
0.79677
0.79677
0.79677
0.79677
0.79677
0.79677
0.79677
0.79677
0.79677
0.79677
0.79677
0.79677
0.79677
0.79677
0.79677
0.79677
0.79677
0.79677
0.79677
0.79677
0.79677
0.79677
0.79677
0.79677
0.79677
0.79677
0.79677
0.79677
0.79677
0.79677
0.79677
0.79677
0.79677
0.79677
0.79677
0.79677
0.79677
0.79677
0.79677
0.79677
0.79677
0.79677
0.79677
0.79677
0.79677
0.79677
0.79677
0.79677
0.79677
0.79677
0.79677
0.79677
0.79677
0.79677
0.79677
0.79677
0.79677
0.79677
0.79677
0.79677
0.79677
0.79677
0.79677
0.79677
0.79677
0.79677
0.79677
0.79677
0.79677
0.79677
0.79677
0.79677
0.79677
0.79677
0.79677
0.79677
0.79677
0.79677
0.79677
0.79677
0.79677
0.79677
0.79677
0.79677
0.79677
0.79677
0.79677
0.79677
0.79677
0.79677
0.79677
0.79677
0.79677
0.79677
0.79677
0.79677
0.79677
0.79677
0.79677
0.79677
0.79677
0.79677
0.79677
0.79677
0.79677
0.79677
0.79677
0.79677
0.79677
0.79677
0.79677
0.79677
0.79677
0.79677
0.79677
0.79677
0.79677
0.79677
0.79677
0.79677
0.79677
0.79677
0.79677
0.79677
0.79677
0.79677
0.79677
0.79677
0.79677
0.79677
0.79677
0.79677
0.79677
0.79677
0.79677
0.79677
0.79677
0.79677
0.79677
0.79677
0.79677
0.79677
0.79677
0.79677
0.79677
0.79677
0.79677
0.79677
0.79677
0.79677
0.79677
0.79677
0.79677
0.79677
0.79677
0.79677
0.79677
0.79677
0.79677
0.79677
0.79677
0.79677
0.79677
0.79677
0.79677
0.79677
0.79677
0.79677
0.79677
0.79677
0.79677
0.79677
0.79677
0.79677
0.79677
0.79677
0.79677
0.79677
0.79677
0.79677
0.79677
0.79677
0.79677
0.79677
0.79677
0.79677
0.79677
0.79677
0.79677
0.79677
0.79677
0.79677
0.79677
0.79677
0.79677
0.79677
0.79677
0.79677
0.79677
0.79677
0.79677
0.79677
0.79677
0.79677
0.79677
0.79677
0.79677
0.79677
0.79677
0.79677
0.79677
0.79677
0.79677
0.79677
0.79677
0.79677
0.79677
0.79677
0.79677
0.79677
0.79677
0.79677
0.79677
0.79677
0.79677
0.79677
0.79677
0.79677
0.79677
0.79677
0.79677
0.79677
0.79677
0.79677
0.79677
0.79677
0.79677
0.79677
0.79677
0.79677
0.79677
0.79677
0.79677
0.79677
0.79677
0.79677
0.79677
0.79677
0.79677
0.79677
0.79677
0.79677
0.79677
0.79677
0.79677
0.79677
0.79677
0.79677
0.79677
0.79677
0.79677
0.79677
0.79677
0.79677
0.79677
0.79677
0.79677
0.79677
0.79677
0.79677
0.79677
0.79677
0.79677
0.79677
0.79677
0.79677
0.79677
0.79677
0.79677
0.79677
0.79677
0.79677
0.79677
0.79677
0.79677
0.79677
0.79677
0.79677
0.79677
0.79677
0.79677
0.79677
0.79677
0.79677
0.79677
0.79677
0.79677
0.79677
0.79677
0.79677
0.79677
0.79677
0.79677
0.79677
0.79677
0.79677
0.79677
0.79677
0.79677
0.79677
0.79677
0.79677
0.79677
0.79677
0.79677
0.79677
0.79677
0.79677
0.79677
0.79677
0.79677
0.79677
0.79677
0.79677
0.79677
0.79677
0.79677
0.79677
0.79677
0.79677
0.79677
0.79677
0.79677
0.79677
0.79677
0.79677
0.79677
0.79677
0.79677
0.79677
0.79677
0.79677
0.79677
0.79677
0.79677
0.79677
0.79677
0.79677
0.79678
0.79678
0.79678
0.79678
0.79678
0.79678
0.79678
0.79678
0.79678
0.79678
0.79678
0.79678
0.79678
0.79678
0.79678
0.79678
0.79678
0.79678
0.79678
0.79678
0.79678
0.79678
0.79678
0.79678
0.79678
0.79678
0.79678
0.79678
0.79678
0.79678
0.79678
0.79678
0.79678
0.79678
0.79678
0.79678
0.79678
0.79678
0.79678
0.79678
0.79678
0.79678
0.79678
0.79678
0.79678
0.79678
0.79678
0.79678
0.79678
0.79678
0.79678
0.79678
0.79678
0.79678
0.79678
0.79678
0.79678
0.79678
0.79678
0.79678
0.79678
0.79678
0.79678
0.79678
0.79678
0.79678
0.79678
0.79678
0.79678
0.79678
0.79678
0.79678
0.79678
0.79678
0.79678
0.79678
0.79678
0.79678
0.79678
0.79678
0.79678
0.79678
0.79678
0.79678
0.79678
0.79678
0.79678
0.79678
0.79678
0.79678
0.79678
0.79678
0.79678
0.79678
0.79678
0.79678
0.79678
0.79678
0.79678
0.79678
0.79678
0.79678
0.79678
0.79678
0.79678
0.79678
0.79678
0.79678
0.79678
0.79678
0.79678
0.79678
0.79678
0.79678
0.79678
0.79678
0.79678
0.79678
0.79678
0.79678
0.79678
0.79678
0.79678
0.79678
0.79678
0.79678
0.79678
0.79678
0.79678
0.79678
0.79678
0.79678
0.79678
0.79678
0.79678
0.79678
0.79678
0.79678
0.79678
0.79678
0.79678
0.79678
0.79678
0.79678
0.79678
0.79678
0.79678
0.79678
0.79678
0.79678
0.79678
0.79678
0.79678
0.79678
0.79678
0.79678
0.79678
0.79678
0.79678
0.79678
0.79678
0.79678
0.79678
0.79678
0.79678
0.79678
0.79678
0.79678
0.79678
0.79678
0.79678
0.79678
0.79678
0.79678
0.79678
0.79678
0.79678
0.79678
0.79678
0.79678
0.79678
0.79678
0.79677
0.79677
0.79677
0.79677
0.79677
0.79677
0.79677
0.79677
0.79677
0.79677
0.79677
0.79677
0.79677
0.79677
0.79677
0.79677
0.79677
0.79677
0.79677
0.79677
0.79677
0.79677
0.79677
0.79677
0.79677
0.79677
0.79677
0.79677
0.79677
0.79677
0.79677
0.79677
0.79677
0.79677
0.79677
0.79677
0.79677
0.79677
0.79677
0.79677
0.79677
0.79677
0.79677
0.79677
0.79677
0.79677
0.79677
0.79677
0.79677
0.79677
0.79677
0.79677
0.79677
0.79677
0.79677
0.79677
0.79677
0.79677
0.79677
0.79677
0.79677
0.79677
0.79677
0.79677
0.79677
0.79677
0.79677
0.79677
0.79677
0.79677
0.79677
0.79677
0.79677
0.79677
0.79677
0.79677
0.79677
0.79677
0.79677
0.79677
0.79677
0.79677
0.79677
0.79677
0.79677
0.79677
0.79677
0.79677
0.79677
0.79677
0.79677
0.79677
0.79677
0.79677
0.79677
0.79677
0.79677
0.79677
0.79677
0.79677
0.79677
0.79677
0.79677
0.79677
0.79677
0.79677
0.79677
0.79677
0.79677
0.79677
0.79677
0.79677
0.79677
0.79677
0.79677
0.79677
0.79677
0.79677
0.79677
0.79677
0.79677
0.79677
0.79677
0.79677
0.79677
0.79677
0.79677
0.79677
0.79677
0.79677
0.79677
0.79677
0.79677
0.79677
0.79677
0.79677
0.79677
0.79677
0.79677
0.79677
0.79677
0.79677
0.79677
0.79677
0.79677
0.79677
0.79677
0.79677
0.79677
0.79677
0.79677
0.79677
0.79677
0.79677
0.79677
0.79677
0.79677
0.79677
0.79677
0.79677
0.79677
0.79677
0.79677
0.79677
0.79677
0.79677
0.79677
0.79677
0.79677
0.79677
0.79677
0.79677
0.79677
0.79677
0.79677
0.79677
0.79677
0.79677
0.79677
0.79677
0.79677
0.79677
0.79677
0.79677
0.79677
0.79677
0.79677
0.79677
0.79677
0.79677
0.79677
0.79677
0.79677
0.79677
0.79677
0.79677
0.79677
0.79677
0.79677
0.79677
0.79677
0.79677
0.79677
0.79677
0.79677
0.79677
0.79677
0.79677
0.79677
0.79677
0.79677
0.79677
0.79677
0.79677
0.79677
0.79677
0.79677
0.79677
0.79677
0.79677
0.79677
0.79677
0.79677
0.79677
0.79677
0.79677
0.79677
0.79677
0.79677
0.79677
0.79677
0.79677
0.79677
0.79677
0.79677
0.79677
0.79677
0.79677
0.79677
0.79677
0.79677
0.79677
0.79677
0.79677
0.79677
0.79677
0.79677
0.79677
0.79677
0.79677
0.79677
0.79677
0.79677
0.79677
0.79677
0.79677
0.79677
0.79677
0.79677
0.79677
0.79677
0.79677
0.79677
0.79677
0.79677
0.79677
0.79677
0.79677
0.79677
0.79677
0.79677
0.79677
0.79677
0.79677
0.79677
0.79677
0.79677
0.79677
0.79677
0.79677
0.79677
0.79677
0.79677
0.79677
0.79677
0.79677
0.79677
0.79677
0.79677
0.79677
0.79677
0.79677
0.79677
0.79677
0.79677
0.79677
0.79677
0.79677
0.79677
0.79677
0.79677
0.79677
0.79677
0.79677
0.79677
0.79677
0.79677
0.79677
0.79677
0.79677
0.79677
0.79677
0.79677
0.79677
0.79677
0.79677
0.79677
0.79677
0.79677
0.79677
0.79677
0.79677
0.79677
0.79677
0.79677
0.79677
0.79677
0.79677
0.79677
0.79677
0.79677
0.79677
0.79677
0.79677
0.79677
0.79677
0.79677
0.79677
0.79677
0.79677
0.79677
0.79677
0.79677
0.79677
0.79677
0.79677
0.79677
0.79677
0.79677
0.79677
0.79677
0.79677
0.79677
0.79677
0.79677
0.79677
0.79677
0.79677
0.79677
0.79677
0.79677
0.79677
0.79677
0.79677
0.79677
0.79677
0.79677
0.79677
0.79677
0.79677
0.79677
0.79677
0.79677
0.79677
0.79677
0.79677
0.79677
0.79677
0.79677
0.79677
0.79677
0.79677
0.79677
0.79677
0.79677
0.79677
0.79677
0.79677
0.79677
0.79677
0.79677
0.79677
0.79677
0.79677
0.79677
0.79677
0.79677
0.79677
0.79677
0.79677
0.79677
0.79677
0.79677
0.79677
0.79677
0.79677
0.79677
0.79677
0.79677
0.79677
0.79677
0.79677
0.79677
0.79677
0.79677
0.79677
0.79677
0.79677
0.79677
0.79677
0.79677
0.79677
0.79677
0.79677
0.79677
0.79677
0.79677
0.79677
0.79677
0.79677
0.79677
0.79677
0.79677
0.79677
0.79677
0.79677
0.79677
0.79677
0.79677
0.79677
0.79677
0.79677
0.79677
0.79677
0.79677
0.79677
0.79677
0.79677
0.79677
0.79677
0.79677
0.79677
0.79677
0.79677
0.79677
0.79677
0.79677
0.79677
0.79677
0.79677
0.79677
0.79677
0.79677
0.79677
0.79677
0.79677
0.79677
0.79677
0.79677
0.79677
0.79677
0.79677
0.79677
0.79677
0.79677
0.79677
0.79677
0.79677
0.79677
0.79677
0.79677
0.79677
0.79677
0.79677
0.79677
0.79677
0.79677
0.79677
0.79677
0.79677
0.79677
0.79677
0.79677
0.79677
0.79677
0.79677
0.79677
0.79677
0.79677
0.79677
0.79677
0.79677
0.79677
0.79677
0.79677
0.79677
0.79677
0.79677
0.79677
0.79677
0.79677
0.79677
0.79677
0.79677
0.79677
0.79677
0.79677
0.79677
0.79677
0.79677
0.79677
0.79677
0.79677
0.79677
0.79677
0.79677
0.79677
0.79677
0.79677
0.79677
0.79677
0.79677
0.79677
