0.00000
0.00000
0.00018
0.00054
0.00108
0.00180
0.00270
0.00379
0.00506
0.00651
0.00814
0.00995
0.01195
0.01414
0.01650
0.01905
0.02178
0.02470
0.02780
0.03108
0.03454
0.03819
0.04202
0.04604
0.05023
0.05461
0.05917
0.06391
0.06883
0.07393
0.07921
0.08466
0.09030
0.09611
0.10210
0.10827
0.11461
0.12113
0.12782
0.13468
0.14172
0.14892
0.15630
0.16384
0.17155
0.17943
0.18747
0.19568
0.20405
0.21258
0.22127
0.23012
0.23913
0.24829
0.25761
0.26708
0.27670
0.28648
0.29640
0.30646
0.31668
0.32703
0.33753
0.34816
0.35894
0.36985
0.38089
0.39207
0.40337
0.41481
0.42637
0.43806
0.44986
0.46179
0.47384
0.48600
0.49827
0.51066
0.52315
0.53575
0.54846
0.56126
0.57417
0.58718
0.60028
0.61347
0.62675
0.64012
0.65357
0.66711
0.68073
0.69442
0.70819
0.72203
0.73594
0.74992
0.76396
0.77807
0.79223
0.80645
0.82072
0.83504
0.84941
0.86382
0.87828
0.89277
0.90731
0.92187
0.93647
0.95109
0.96574
0.98041
0.99510
1.00981
1.02452
1.03925
1.05399
1.06873
1.08347
1.09821
1.11295
1.12768
1.14239
1.15710
1.17178
1.18645
1.20110
1.21572
1.23031
1.24487
1.25939
1.27388
1.28832
1.30273
1.31708
1.33139
1.34564
1.35984
1.37398
1.38806
1.40207
1.41602
1.42989
1.44369
1.45742
1.47107
1.48463
1.49811
1.51150
1.52480
1.53801
1.55112
1.56413
1.57704
1.58984
1.60254
1.61513
1.62760
1.63996
1.65219
1.66431
1.67630
1.68817
1.69991
1.71151
1.72298
1.73431
1.74551
1.75656
1.76746
1.77822
1.78883
1.79929
1.80959
1.81974
1.82973
1.83955
1.84922
1.85871
1.86804
1.87720
1.88618
1.89499
1.90363
1.91208
1.92036
1.92845
1.93636
1.94408
1.95161
1.95895
1.96610
1.97306
1.97982
1.98638
1.99274
1.99890
2.00486
2.01062
2.01617
2.02151
2.02665
2.03157
2.03629
2.04079
2.04508
2.04915
2.05301
2.05665
2.06007
2.06327
2.06626
2.06902
2.07156
2.07387
2.07596
2.07783
2.07947
2.08088
2.08207
2.08303
2.08376
2.08427
2.08454
2.08459
2.08440
2.08399
2.08334
2.08246
2.08136
2.08002
2.07845
2.07665
2.07461
2.07235
2.06986
2.06713
2.06417
2.06099
2.05757
2.05392
2.05005
2.04594
2.04161
2.03704
2.03225
2.02724
2.02199
2.01652
2.01083
2.00491
1.99877
1.99241
1.98583
1.97902
1.97200
1.96476
1.95730
1.94963
1.94174
1.93364
1.92533
1.91680
1.90807
1.89913
1.88998
1.88063
1.87108
1.86133
1.85137
1.84122
1.83087
1.82033
1.80960
1.79867
1.78756
1.77626
1.76478
1.75311
1.74126
1.72924
1.71704
1.70467
1.69212
1.67941
1.66653
1.65349
1.64028
1.62692
1.61339
1.59972
1.58589
1.57192
1.55779
1.54353
1.52912
1.51458
1.49990
1.48509
1.47014
1.45508
1.43988
1.42457
1.40914
1.39360
1.37794
1.36217
1.34630
1.33033
1.31426
1.29809
1.28183
1.26548
1.24904
1.23252
1.21592
1.19925
1.18250
1.16568
1.14880
1.13185
1.11484
1.09778
1.08067
1.06350
1.04629
1.02904
1.01175
0.99443
0.97707
0.95969
0.94228
0.92485
0.90741
0.88995
0.87248
0.85500
0.83753
0.82005
0.80258
0.78512
0.76767
0.75023
0.73282
0.71543
0.69806
0.68073
0.66343
0.64617
0.62894
0.61177
0.59464
0.57757
0.56055
0.54359
0.52670
0.50987
0.49312
0.47643
0.45983
0.44331
0.42687
0.41052
0.39427
0.37811
0.36205
0.34609
0.33024
0.31450
0.29887
0.28336
0.26797
0.25271
0.23757
0.22256
0.20769
0.19295
0.17835
0.16390
0.14960
0.13544
0.12144
0.10760
0.09392
0.08040
0.06704
0.05386
0.04085
0.02801
0.01535
0.00288
-0.00941
-0.02152
-0.03343
-0.04515
-0.05668
-0.06800
-0.07913
-0.09005
-0.10077
-0.11127
-0.12157
-0.13165
-0.14151
-0.15115
-0.16058
-0.16977
-0.17875
-0.18749
-0.19600
-0.20428
-0.21233
-0.22013
-0.22770
-0.23503
-0.24211
-0.24895
-0.25554
-0.26188
-0.26797
-0.27381
-0.27940
-0.28473
-0.28980
-0.29461
-0.29917
-0.30346
-0.30749
-0.31125
-0.31475
-0.31798
-0.32095
-0.32364
-0.32607
-0.32822
-0.33011
-0.33172
-0.33305
-0.33411
-0.33490
-0.33541
-0.33564
-0.33560
-0.33528
-0.33468
-0.33380
-0.33265
-0.33122
-0.32950
-0.32751
-0.32524
-0.32269
-0.31986
-0.31675
-0.31336
-0.30969
-0.30575
-0.30152
-0.29702
-0.29224
-0.28719
-0.28185
-0.27624
-0.27036
-0.26420
-0.25777
-0.25107
-0.24409
-0.23685
-0.22933
-0.22154
-0.21349
-0.20517
-0.19659
-0.18774
-0.17863
-0.16926
-0.15963
-0.14974
-0.13959
-0.12919
-0.11854
-0.10763
-0.09648
-0.08508
-0.07343
-0.06154
-0.04940
-0.03703
-0.02442
-0.01158
0.00150
0.01481
0.02835
0.04211
0.05610
0.07030
0.08473
0.09937
0.11422
0.12929
0.14456
0.16004
0.17572
0.19159
0.20767
0.22394
0.24039
0.25704
0.27386
0.29087
0.30806
0.32542
0.34295
0.36065
0.37851
0.39654
0.41472
0.43305
0.45154
0.47017
0.48894
0.50786
0.52691
0.54609
0.56540
0.58483
0.60439
0.62406
0.64384
0.66374
0.68374
0.70384
0.72403
0.74432
0.76470
0.78516
0.80571
0.82633
0.84702
0.86778
0.88861
0.90949
0.93044
0.95143
0.97247
0.99355
1.01467
1.03583
1.05701
1.07822
1.09945
1.12070
1.14196
1.16323
1.18450
1.20577
1.22704
1.24830
1.26954
1.29076
1.31196
1.33313
1.35427
1.37538
1.39644
1.41746
1.43843
1.45934
1.48020
1.50099
1.52171
1.54237
1.56294
1.58344
1.60385
1.62417
1.64439
1.66452
1.68455
1.70446
1.72427
1.74396
1.76353
1.78298
1.80229
1.82148
1.84052
1.85943
1.87819
1.89680
1.91526
1.93356
1.95169
1.96966
1.98746
2.00509
2.02254
2.03981
2.05689
2.07378
2.09047
2.10697
2.12327
2.13936
2.15525
2.17092
2.18637
2.20161
2.21662
2.23141
2.24596
2.26029
2.27437
2.28821
2.30182
2.31517
2.32827
2.34112
2.35372
2.36605
2.37812
2.38993
2.40146
2.41273
2.42372
2.43444
2.44487
2.45502
2.46489
2.47447
2.48376
2.49276
2.50146
2.50987
2.51797
2.52578
2.53328
2.54047
2.54736
2.55393
2.56020
2.56615
2.57178
2.57710
2.58210
2.58678
2.59113
2.59516
2.59887
2.60225
2.60530
2.60803
2.61042
2.61249
2.61422
2.61562
2.61668
2.61741
2.61780
2.61786
2.61758
2.61697
2.61601
2.61472
2.61309
2.61112
2.60881
2.60616
2.60317
2.59985
2.59618
2.59218
2.58784
2.58316
2.57814
2.57278
2.56709
2.56106
2.55469
2.54799
2.54096
2.53359
2.52589
2.51786
2.50949
2.50080
2.49178
2.48244
2.47277
2.46277
2.45245
2.44182
2.43086
2.41958
2.40799
2.39609
2.38387
2.37135
2.35852
2.34538
2.33193
2.31819
2.30415
2.28981
2.27518
2.26025
2.24504
2.22954
2.21376
2.19769
2.18135
2.16473
2.14784
2.13069
2.11326
2.09558
2.07763
2.05943
2.04097
2.02227
2.00332
1.98412
1.96469
1.94502
1.92512
1.90500
1.88465
1.86407
1.84328
1.82228
1.80107
1.77966
1.75805
1.73624
1.71423
1.69204
1.66967
1.64712
1.62439
1.60149
1.57843
1.55520
1.53182
1.50829
1.48460
1.46078
1.43682
1.41272
1.38849
1.36414
1.33968
1.31509
1.29040
1.26560
1.24071
1.21572
1.19064
1.16548
1.14023
1.11492
1.08953
1.06408
1.03857
1.01301
0.98740
0.96175
0.93606
0.91034
0.88459
0.85882
0.83303
0.80723
0.78143
0.75562
0.72982
0.70403
0.67826
0.65251
0.62678
0.60109
0.57543
0.54982
0.52425
0.49874
0.47329
0.44790
0.42258
0.39734
0.37218
0.34710
0.32212
0.29723
0.27244
0.24776
0.22320
0.19875
0.17442
0.15023
0.12617
0.10224
0.07847
0.05484
0.03136
0.00805
-0.01510
-0.03808
-0.06088
-0.08351
-0.10595
-0.12819
-0.15025
-0.17210
-0.19374
-0.21518
-0.23640
-0.25741
-0.27818
-0.29873
-0.31905
-0.33912
-0.35896
-0.37854
-0.39788
-0.41695
-0.43577
-0.45432
-0.47260
-0.49060
-0.50833
-0.52578
-0.54294
-0.55981
-0.57638
-0.59265
-0.60863
-0.62429
-0.63965
-0.65469
-0.66941
-0.68381
-0.69789
-0.71164
-0.72506
-0.73814
-0.75088
-0.76328
-0.77534
-0.78705
-0.79840
-0.80941
-0.82005
-0.83034
-0.84026
-0.84982
-0.85901
-0.86783
-0.87627
-0.88434
-0.89203
-0.89935
-0.90628
-0.91282
-0.91898
-0.92475
-0.93013
-0.93512
-0.93971
-0.94391
-0.94771
-0.95111
-0.95411
-0.95671
-0.95891
-0.96070
-0.96209
-0.96308
-0.96365
-0.96382
-0.96358
-0.96293
-0.96187
-0.96040
-0.95852
-0.95623
-0.95353
-0.95041
-0.94689
-0.94295
-0.93860
-0.93384
-0.92867
-0.92309
-0.91710
-0.91070
-0.90389
-0.89667
-0.88904
-0.88101
-0.87257
-0.86373
-0.85448
-0.84483
-0.83478
-0.82433
-0.81348
-0.80223
-0.79059
-0.77856
-0.76613
-0.75332
-0.74012
-0.72653
-0.71255
-0.69820
-0.68347
-0.66836
-0.65287
-0.63702
-0.62080
-0.60421
-0.58725
-0.56994
-0.55227
-0.53424
-0.51586
-0.49714
-0.47807
-0.45866
-0.43891
-0.41882
-0.39841
-0.37766
-0.35660
-0.33521
-0.31351
-0.29149
-0.26917
-0.24655
-0.22362
-0.20040
-0.17689
-0.15309
-0.12901
-0.10465
-0.08002
-0.05512
-0.02995
-0.00453
0.02115
0.04708
0.07325
0.09966
0.12630
0.15318
0.18027
0.20759
0.23512
0.26286
0.29080
0.31894
0.34727
0.37579
0.40448
0.43335
0.46239
0.49160
0.52096
0.55047
0.58013
0.60993
0.63987
0.66993
0.70011
0.73041
0.76082
0.79134
0.82195
0.85265
0.88344
0.91431
0.94525
0.97625
1.00732
1.03844
1.06960
1.10081
1.13205
1.16332
1.19461
1.22592
1.25723
1.28855
1.31986
1.35117
1.38245
1.41371
1.44494
1.47613
1.50728
1.53838
1.56942
1.60039
1.63130
1.66213
1.69288
1.72354
1.75410
1.78456
1.81491
1.84514
1.87526
1.90524
1.93509
1.96479
1.99435
2.02376
2.05300
2.08207
2.11098
2.13970
2.16823
2.19658
2.22472
2.25266
2.28039
2.30790
2.33519
2.36224
2.38907
2.41565
2.44198
2.46806
2.49388
2.51944
2.54472
2.56973
2.59445
2.61889
2.64304
2.66688
2.69042
2.71365
2.73656
2.75916
2.78142
2.80336
2.82496
2.84622
2.86713
2.88769
2.90789
2.92774
2.94721
2.96632
2.98505
3.00340
3.02136
3.03894
3.05612
3.07291
3.08929
3.10527
3.12084
3.13599
3.15073
3.16504
3.17893
3.19240
3.20542
3.21802
3.23017
3.24188
3.25314
3.26396
3.27432
3.28423
3.29368
3.30267
3.31120
3.31926
3.32685
3.33397
3.34062
3.34679
3.35249
3.35770
3.36244
3.36669
3.37045
3.37373
3.37652
3.37882
3.38063
3.38195
3.38277
3.38310
3.38293
3.38227
3.38111
3.37945
3.37729
3.37464
3.37148
3.36783
3.36368
3.35903
3.35387
3.34822
3.34207
3.33543
3.32828
3.32064
3.31250
3.30386
3.29473
3.28511
3.27499
3.26438
3.25328
3.24169
3.22962
3.21706
3.20401
3.19049
3.17648
3.16200
3.14704
3.13160
3.11570
3.09933
3.08249
3.06518
3.04742
3.02920
3.01052
2.99140
2.97182
2.95180
2.93134
2.91043
2.88910
2.86733
2.84514
2.82252
2.79948
2.77603
2.75216
2.72789
2.70321
2.67814
2.65268
2.62682
2.60058
2.57396
2.54696
2.51960
2.49187
2.46378
2.43533
2.40654
2.37740
2.34793
2.31812
2.28798
2.25752
2.22675
2.19566
2.16428
2.13259
2.10061
2.06835
2.03581
2.00299
1.96990
1.93656
1.90296
1.86912
1.83503
1.80071
1.76616
1.73139
1.69640
1.66121
1.62582
1.59024
1.55447
1.51852
1.48240
1.44611
1.40967
1.37307
1.33634
1.29947
1.26247
1.22535
1.18812
1.15078
1.11335
1.07582
1.03822
1.00053
0.96278
0.92498
0.88712
0.84921
0.81128
0.77331
0.73532
0.69732
0.65932
0.62132
0.58333
0.54536
0.50741
0.46951
0.43164
0.39383
0.35607
0.31839
0.28077
0.24325
0.20581
0.16847
0.13123
0.09412
0.05712
0.02026
-0.01647
-0.05305
-0.08947
-0.12574
-0.16183
-0.19775
-0.23348
-0.26901
-0.30435
-0.33948
-0.37439
-0.40907
-0.44353
-0.47774
-0.51171
-0.54542
-0.57888
-0.61206
-0.64497
-0.67759
-0.70992
-0.74195
-0.77368
-0.80509
-0.83618
-0.86695
-0.89738
-0.92747
-0.95722
-0.98661
-1.01563
-1.04429
-1.07258
-1.10048
-1.12800
-1.15512
-1.18184
-1.20816
-1.23406
-1.25954
-1.28460
-1.30922
-1.33341
-1.35716
-1.38046
-1.40330
-1.42569
-1.44761
-1.46905
-1.49003
-1.51052
-1.53052
-1.55004
-1.56905
-1.58757
-1.60558
-1.62308
-1.64007
-1.65653
-1.67248
-1.68789
-1.70277
-1.71712
-1.73092
-1.74418
-1.75690
-1.76906
-1.78067
-1.79172
-1.80221
-1.81213
-1.82149
-1.83027
-1.83848
-1.84612
-1.85317
-1.85965
-1.86554
-1.87084
-1.87556
-1.87969
-1.88322
-1.88616
-1.88850
-1.89025
-1.89140
-1.89195
-1.89190
-1.89124
-1.88999
-1.88813
-1.88566
-1.88259
-1.87891
-1.87463
-1.86975
-1.86425
-1.85815
-1.85145
-1.84413
-1.83622
-1.82770
-1.81857
-1.80885
-1.79852
-1.78759
-1.77606
-1.76393
-1.75120
-1.73788
-1.72397
-1.70946
-1.69437
-1.67868
-1.66242
-1.64556
-1.62813
-1.61012
-1.59154
-1.57238
-1.55265
-1.53236
-1.51150
-1.49008
-1.46811
-1.44558
-1.42251
-1.39889
-1.37472
-1.35003
-1.32479
-1.29903
-1.27275
-1.24594
-1.21862
-1.19079
-1.16246
-1.13362
-1.10429
-1.07447
-1.04416
-1.01337
-0.98211
-0.95039
-0.91820
-0.88555
-0.85245
-0.81891
-0.78493
-0.75052
-0.71568
-0.68043
-0.64476
-0.60868
-0.57221
-0.53535
-0.49810
-0.46047
-0.42247
-0.38411
-0.34539
-0.30632
-0.26691
-0.22717
-0.18710
-0.14672
-0.10602
-0.06502
-0.02373
0.01785
0.05971
0.10184
0.14423
0.18688
0.22977
0.27289
0.31624
0.35982
0.40360
0.44758
0.49176
0.53612
0.58066
0.62537
0.67023
0.71524
0.76039
0.80566
0.85106
0.89657
0.94219
0.98789
1.03368
1.07955
1.12548
1.17146
1.21749
1.26356
1.30965
1.35577
1.40189
1.44800
1.49411
1.54019
1.58625
1.63226
1.67823
1.72413
1.76997
1.81572
1.86139
1.90696
1.95242
1.99776
2.04298
2.08806
2.13299
2.17777
2.22238
2.26682
2.31107
2.35513
2.39898
2.44262
2.48604
2.52922
2.57217
2.61486
2.65729
2.69945
2.74134
2.78293
2.82423
2.86522
2.90590
2.94625
2.98626
3.02594
3.06526
3.10423
3.14282
3.18104
3.21887
3.25631
3.29334
3.32996
3.36616
3.40194
3.43727
3.47217
3.50661
3.54058
3.57410
3.60713
3.63968
3.67174
3.70330
3.73435
3.76489
3.79490
3.82439
3.85334
3.88175
3.90961
3.93692
3.96366
3.98983
4.01543
4.04044
4.06487
4.08870
4.11193
4.13455
4.15656
4.17795
4.19872
4.21886
4.23837
4.25724
4.27546
4.29303
4.30995
4.32621
4.34180
4.35673
4.37099
4.38457
4.39747
4.40968
4.42121
4.43204
4.44218
4.45162
4.46036
4.46839
4.47572
4.48233
4.48824
4.49342
4.49789
4.50164
4.50467
4.50697
4.50855
4.50940
4.50952
4.50891
4.50756
4.50549
4.50268
4.49914
4.49486
4.48985
4.48410
4.47762
4.47040
4.46245
4.45376
4.44434
4.43418
4.42329
4.41167
4.39932
4.38623
4.37242
4.35789
4.34263
4.32664
4.30994
4.29251
4.27437
4.25552
4.23595
4.21568
4.19470
4.17302
4.15064
4.12757
4.10380
4.07934
4.05420
4.02838
4.00188
3.97471
3.94688
3.91838
3.88922
3.85941
3.82895
3.79785
3.76611
3.73374
3.70074
3.66712
3.63289
3.59805
3.56260
3.52656
3.48993
3.45271
3.41492
3.37656
3.33764
3.29816
3.25813
3.21756
3.17645
3.13483
3.09268
3.05002
3.00686
2.96320
2.91906
2.87445
2.82936
2.78381
2.73781
2.69136
2.64448
2.59718
2.54946
2.50133
2.45280
2.40389
2.35459
2.30493
2.25491
2.20453
2.15382
2.10278
2.05141
1.99974
1.94776
1.89550
1.84296
1.79015
1.73708
1.68376
1.63021
1.57643
1.52243
1.46823
1.41384
1.35926
1.30451
1.24960
1.19454
1.13935
1.08402
1.02858
0.97304
0.91740
0.86168
0.80590
0.75005
0.69415
0.63822
0.58227
0.52630
0.47034
0.41438
0.35845
0.30255
0.24670
0.19090
0.13517
0.07953
0.02398
-0.03147
-0.08680
-0.14200
-0.19707
-0.25198
-0.30673
-0.36130
-0.41569
-0.46988
-0.52386
-0.57762
-0.63114
-0.68442
-0.73745
-0.79021
-0.84268
-0.89487
-0.94676
-0.99833
-1.04958
-1.10049
-1.15106
-1.20127
-1.25110
-1.30056
-1.34963
-1.39830
-1.44655
-1.49438
-1.54177
-1.58872
-1.63521
-1.68124
-1.72679
-1.77186
-1.81643
-1.86049
-1.90403
-1.94705
-1.98953
-2.03146
-2.07283
-2.11364
-2.15388
-2.19352
-2.23258
-2.27103
-2.30887
-2.34608
-2.38267
-2.41861
-2.45391
-2.48856
-2.52253
-2.55584
-2.58846
-2.62040
-2.65163
-2.68217
-2.71199
-2.74109
-2.76946
-2.79710
-2.82400
-2.85015
-2.87554
-2.90017
-2.92404
-2.94713
-2.96944
-2.99096
-3.01169
-3.03162
-3.05075
-3.06907
-3.08657
-3.10326
-3.11912
-3.13415
-3.14835
-3.16171
-3.17422
-3.18589
-3.19671
-3.20667
-3.21578
-3.22402
-3.23140
-3.23792
-3.24356
-3.24833
-3.25222
-3.25523
-3.25737
-3.25862
-3.25898
-3.25846
-3.25706
-3.25476
-3.25158
-3.24750
-3.24254
-3.23668
-3.22993
-3.22228
-3.21374
-3.20432
-3.19400
-3.18278
-3.17068
-3.15769
-3.14381
-3.12904
-3.11339
-3.09685
-3.07943
-3.06113
-3.04195
-3.02190
-3.00097
-2.97917
-2.95651
-2.93298
-2.90859
-2.88335
-2.85725
-2.83031
-2.80251
-2.77388
-2.74441
-2.71411
-2.68298
-2.65103
-2.61826
-2.58468
-2.55030
-2.51512
-2.47914
-2.44237
-2.40482
-2.36650
-2.32741
-2.28755
-2.24694
-2.20558
-2.16348
-2.12065
-2.07709
-2.03282
-1.98783
-1.94215
-1.89577
-1.84870
-1.80096
-1.75255
-1.70348
-1.65376
-1.60340
-1.55241
-1.50080
-1.44857
-1.39574
-1.34232
-1.28832
-1.23375
-1.17861
-1.12292
-1.06669
-1.00993
-0.95266
-0.89487
-0.83659
-0.77782
-0.71857
-0.65887
-0.59871
-0.53811
-0.47709
-0.41565
-0.35380
-0.29157
-0.22895
-0.16597
-0.10263
-0.03895
0.02505
0.08938
0.15401
0.21893
0.28412
0.34959
0.41530
0.48125
0.54743
0.61382
0.68040
0.74718
0.81412
0.88122
0.94846
1.01584
1.08333
1.15092
1.21860
1.28636
1.35417
1.42204
1.48993
1.55785
1.62577
1.69368
1.76156
1.82941
1.89721
1.96493
2.03258
2.10014
2.16758
2.23490
2.30208
2.36912
2.43598
2.50267
2.56916
2.63544
2.70150
2.76732
2.83289
2.89820
2.96323
3.02796
3.09239
3.15649
3.22026
3.28368
3.34674
3.40943
3.47172
3.53360
3.59508
3.65611
3.71671
3.77685
3.83651
3.89569
3.95437
4.01255
4.07019
4.12731
4.18387
4.23987
4.29529
4.35013
4.40437
4.45799
4.51099
4.56335
4.61507
4.66612
4.71650
4.76620
4.81520
4.86349
4.91107
4.95791
5.00402
5.04937
5.09396
5.13778
5.18081
5.22305
5.26449
5.30511
5.34491
5.38387
5.42199
5.45926
5.49567
5.53120
5.56585
5.59962
5.63249
5.66445
5.69550
5.72562
5.75482
5.78307
5.81038
5.83674
5.86214
5.88657
5.91003
5.93251
5.95400
5.97449
5.99399
6.01248
6.02997
6.04643
6.06188
6.07630
6.08968
6.10203
6.11335
6.12361
6.13283
6.14100
6.14811
6.15416
6.15915
6.16308
6.16593
6.16772
6.16843
6.16807
6.16664
6.16412
6.16053
6.15585
6.15010
6.14326
6.13533
6.12633
6.11624
6.10507
6.09282
6.07948
6.06506
6.04957
6.03299
6.01534
5.99661
5.97681
5.95594
5.93400
5.91099
5.88692
5.86179
5.83560
5.80836
5.78007
5.75074
5.72036
5.68895
5.65651
5.62304
5.58854
5.55304
5.51652
5.47899
5.44047
5.40095
5.36045
5.31896
5.27651
5.23309
5.18871
5.14338
5.09711
5.04990
5.00176
4.95271
4.90275
4.85188
4.80013
4.74749
4.69398
4.63960
4.58437
4.52829
4.47138
4.41365
4.35510
4.29576
4.23562
4.17470
4.11301
4.05056
3.98737
3.92344
3.85879
3.79344
3.72738
3.66064
3.59323
3.52515
3.45643
3.38708
3.31711
3.24653
3.17536
3.10361
3.03129
2.95842
2.88502
2.81109
2.73665
2.66172
2.58632
2.51044
2.43412
2.35737
2.28019
2.20261
2.12465
2.04631
1.96761
1.88858
1.80922
1.72954
1.64958
1.56934
1.48884
1.40809
1.32711
1.24593
1.16454
1.08298
1.00126
0.91939
0.83739
0.75529
0.67308
0.59080
0.50846
0.42607
0.34366
0.26124
0.17882
0.09643
0.01408
-0.06821
-0.15042
-0.23254
-0.31455
-0.39643
-0.47817
-0.55974
-0.64113
-0.72233
-0.80331
-0.88406
-0.96456
-1.04480
-1.12475
-1.20440
-1.28374
-1.36274
-1.44138
-1.51966
-1.59756
-1.67505
-1.75212
-1.82876
-1.90494
-1.98065
-2.05588
-2.13060
-2.20481
-2.27848
-2.35160
-2.42415
-2.49612
-2.56748
-2.63823
-2.70835
-2.77782
-2.84663
-2.91476
-2.98220
-3.04893
-3.11493
-3.18019
-3.24470
-3.30844
-3.37139
-3.43355
-3.49490
-3.55541
-3.61509
-3.67391
-3.73187
-3.78894
-3.84512
-3.90038
-3.95473
-4.00814
-4.06060
-4.11210
-4.16263
-4.21218
-4.26073
-4.30826
-4.35478
-4.40027
-4.44471
-4.48810
-4.53042
-4.57167
-4.61183
-4.65089
-4.68884
-4.72568
-4.76140
-4.79597
-4.82940
-4.86168
-4.89280
-4.92274
-4.95150
-4.97908
-5.00546
-5.03063
-5.05460
-5.07735
-5.09887
-5.11916
-5.13821
-5.15602
-5.17258
-5.18789
-5.20193
-5.21471
-5.22622
-5.23645
-5.24540
-5.25306
-5.25944
-5.26453
-5.26832
-5.27081
-5.27201
-5.27189
-5.27048
-5.26775
-5.26372
-5.25837
-5.25172
-5.24375
-5.23446
-5.22386
-5.21195
-5.19872
-5.18418
-5.16832
-5.15116
-5.13268
-5.11289
-5.09180
-5.06940
-5.04569
-5.02069
-4.99439
-4.96679
-4.93790
-4.90773
-4.87627
-4.84353
-4.80952
-4.77424
-4.73769
-4.69989
-4.66083
-4.62052
-4.57897
-4.53619
-4.49218
-4.44694
-4.40050
-4.35284
-4.30399
-4.25395
-4.20272
-4.15032
-4.09675
-4.04203
-3.98616
-3.92916
-3.87103
-3.81178
-3.75142
-3.68997
-3.62743
-3.56381
-3.49914
-3.43341
-3.36664
-3.29885
-3.23004
-3.16023
-3.08943
-3.01765
-2.94491
-2.87121
-2.79658
-2.72103
-2.64457
-2.56721
-2.48898
-2.40988
-2.32993
-2.24914
-2.16753
-2.08512
-2.00192
-1.91795
-1.83323
-1.74776
-1.66157
-1.57467
-1.48708
-1.39882
-1.30990
-1.22034
-1.13016
-1.03938
-0.94801
-0.85608
-0.76360
-0.67058
-0.57705
-0.48303
-0.38853
-0.29357
-0.19818
-0.10237
-0.00616
0.09043
0.18739
0.28468
0.38230
0.48021
0.57841
0.67688
0.77558
0.87450
0.97363
1.07294
1.17241
1.27202
1.37175
1.47158
1.57149
1.67146
1.77146
1.87149
1.97150
2.07150
2.17145
2.27133
2.37112
2.47081
2.57036
2.66977
2.76901
2.86805
2.96688
3.06548
3.16382
3.26188
3.35965
3.45711
3.55422
3.65097
3.74734
3.84332
3.93887
4.03398
4.12862
4.22279
4.31645
4.40958
4.50217
4.59420
4.68564
4.77647
4.86668
4.95625
5.04515
5.13337
5.22088
5.30768
5.39372
5.47901
5.56351
5.64722
5.73010
5.81215
5.89335
5.97366
6.05309
6.13160
6.20919
6.28583
6.36150
6.43620
6.50989
6.58257
6.65421
6.72481
6.79433
6.86278
6.93013
6.99636
7.06146
7.12541
7.18821
7.24982
7.31025
7.36947
7.42746
7.48423
7.53974
7.59399
7.64697
7.69865
7.74903
7.79810
7.84584
7.89224
7.93728
7.98096
8.02327
8.06419
8.10371
8.14182
8.17852
8.21378
8.24761
8.27998
8.31090
8.34035
8.36833
8.39482
8.41982
8.44332
8.46531
8.48579
8.50474
8.52217
8.53806
8.55241
8.56521
8.57646
8.58616
8.59429
8.60086
8.60585
8.60927
8.61111
8.61138
8.61005
8.60714
8.60265
8.59656
8.58888
8.57960
8.56874
8.55627
8.54221
8.52656
8.50931
8.49047
8.47004
8.44801
8.42440
8.39919
8.37241
8.34404
8.31409
8.28256
8.24947
8.21480
8.17858
8.14079
8.10145
8.06056
8.01813
7.97416
7.92867
7.88165
7.83311
7.78307
7.73152
7.67848
7.62396
7.56796
7.51050
7.45158
7.39121
7.32940
7.26617
7.20151
7.13546
7.06801
6.99917
6.92897
6.85740
6.78449
6.71025
6.63468
6.55781
6.47965
6.40020
6.31949
6.23753
6.15434
6.06992
5.98430
5.89749
5.80950
5.72036
5.63008
5.53867
5.44616
5.35255
5.25787
5.16214
5.06538
4.96759
4.86881
4.76904
4.66831
4.56664
4.46405
4.36056
4.25618
4.15093
4.04485
3.93794
3.83023
3.72175
3.61250
3.50251
3.39181
3.28041
3.16835
3.05563
2.94228
2.82833
2.71379
2.59870
2.48306
2.36692
2.25028
2.13317
2.01563
1.89766
1.77929
1.66056
1.54147
1.42206
1.30235
1.18237
1.06213
0.94167
0.82100
0.70016
0.57917
0.45805
0.33683
0.21553
0.09418
-0.02720
-0.14858
-0.26994
-0.39124
-0.51248
-0.63361
-0.75462
-0.87548
-0.99616
-1.11664
-1.23689
-1.35690
-1.47662
-1.59604
-1.71513
-1.83387
-1.95223
-2.07019
-2.18771
-2.30478
-2.42137
-2.53746
-2.65301
-2.76801
-2.88243
-2.99625
-3.10943
-3.22196
-3.33381
-3.44496
-3.55538
-3.66505
-3.77394
-3.88203
-3.98929
-4.09571
-4.20126
-4.30591
-4.40964
-4.51243
-4.61425
-4.71509
-4.81491
-4.91371
-5.01144
-5.10810
-5.20366
-5.29810
-5.39139
-5.48352
-5.57446
-5.66420
-5.75271
-5.83997
-5.92596
-6.01066
-6.09405
-6.17611
-6.25683
-6.33618
-6.41414
-6.49070
-6.56583
-6.63952
-6.71175
-6.78251
-6.85177
-6.91952
-6.98574
-7.05041
-7.11353
-7.17507
-7.23501
-7.29335
-7.35006
-7.40514
-7.45857
-7.51032
-7.56040
-7.60879
-7.65547
-7.70043
-7.74366
-7.78515
-7.82488
-7.86284
-7.89903
-7.93343
-7.96603
-7.99682
-8.02580
-8.05294
-8.07825
-8.10172
-8.12333
-8.14308
-8.16097
-8.17697
-8.19110
-8.20334
-8.21368
-8.22212
-8.22866
-8.23329
-8.23601
-8.23681
-8.23568
-8.23263
-8.22766
-8.22075
-8.21192
-8.20115
-8.18844
-8.17380
-8.15723
-8.13872
-8.11827
-8.09589
-8.07157
-8.04533
-8.01715
-7.98705
-7.95503
-7.92108
-7.88521
-7.84743
-7.80775
-7.76616
-7.72267
-7.67728
-7.63002
-7.58087
-7.52984
-7.47695
-7.42220
-7.36561
-7.30717
-7.24689
-7.18479
-7.12088
-7.05517
-6.98766
-6.91837
-6.84731
-6.77448
-6.69991
-6.62361
-6.54558
-6.46584
-6.38441
-6.30130
-6.21652
-6.13008
-6.04201
-5.95231
-5.86101
-5.76812
-5.67366
-5.57764
-5.48007
-5.38099
-5.28040
-5.17833
-5.07479
-4.96980
-4.86338
-4.75555
-4.64633
-4.53575
-4.42381
-4.31055
-4.19598
-4.08012
-3.96300
-3.84465
-3.72507
-3.60429
-3.48235
-3.35925
-3.23503
-3.10971
-2.98330
-2.85585
-2.72736
-2.59787
-2.46741
-2.33599
-2.20364
-2.07039
-1.93626
-1.80129
-1.66549
-1.52889
-1.39153
-1.25343
-1.11461
-0.97510
-0.83494
-0.69414
-0.55274
-0.41077
-0.26825
-0.12522
0.01830
0.16228
0.30670
0.45151
0.59669
0.74222
0.88806
1.03417
1.18055
1.32714
1.47393
1.62088
1.76796
1.91514
2.06239
2.20968
2.35698
2.50426
2.65149
2.79864
2.94567
3.09256
3.23927
3.38578
3.53206
3.67806
3.82377
3.96914
4.11416
4.25879
4.40299
4.54675
4.69001
4.83277
4.97498
5.11662
5.25765
5.39804
5.53777
5.67680
5.81511
5.95265
6.08942
6.22536
6.36046
6.49468
6.62800
6.76038
6.89180
7.02222
7.15162
7.27997
7.40725
7.53341
7.65844
7.78230
7.90497
8.02642
8.14663
8.26556
8.38319
8.49949
8.61444
8.72800
8.84016
8.95089
9.06015
9.16794
9.27421
9.37895
9.48213
9.58373
9.68373
9.78209
9.87880
9.97383
10.06716
10.15878
10.24864
10.33674
10.42306
10.50757
10.59024
10.67107
10.75003
10.82710
10.90226
10.97549
11.04677
11.11609
11.18343
11.24877
11.31209
11.37337
11.43261
11.48977
11.54486
11.59785
11.64872
11.69747
11.74408
11.78854
11.83083
11.87094
11.90886
11.94457
11.97807
12.00934
12.03838
12.06517
12.08971
12.11198
12.13197
12.14969
12.16511
12.17824
12.18906
12.19758
12.20378
12.20766
12.20921
12.20843
12.20531
12.19986
12.19207
12.18193
12.16945
12.15462
12.13744
12.11791
12.09604
12.07181
12.04524
12.01632
11.98506
11.95145
11.91551
11.87722
11.83661
11.79367
11.74840
11.70082
11.65093
11.59873
11.54423
11.48744
11.42836
11.36701
11.30339
11.23752
11.16940
11.09903
11.02645
10.95164
10.87463
10.79543
10.71405
10.63050
10.54480
10.45696
10.36700
10.27493
10.18076
10.08451
9.98620
9.88585
9.78347
9.67908
9.57269
9.46434
9.35403
9.24178
9.12762
9.01156
8.89363
8.77385
8.65224
8.52882
8.40361
8.27664
8.14793
8.01750
7.88538
7.75159
7.61616
7.47911
7.34047
7.20026
7.05852
6.91526
6.77051
6.62431
6.47668
6.32764
6.17723
6.02548
5.87241
5.71806
5.56244
5.40561
5.24757
5.08838
4.92804
4.76661
4.60411
4.44056
4.27601
4.11049
3.94403
3.77665
3.60840
3.43931
3.26942
3.09874
2.92733
2.75521
2.58243
2.40900
2.23498
2.06038
1.88526
1.70964
1.53357
1.35707
1.18018
1.00294
0.82538
0.64755
0.46948
0.29119
0.11274
-0.06584
-0.24452
-0.42325
-0.60201
-0.78075
-0.95944
-1.13804
-1.31650
-1.49481
-1.67291
-1.85077
-2.02835
-2.20562
-2.38253
-2.55906
-2.73515
-2.91079
-3.08592
-3.26051
-3.43452
-3.60792
-3.78067
-3.95272
-4.12406
-4.29463
-4.46440
-4.63334
-4.80140
-4.96855
-5.13476
-5.29998
-5.46419
-5.62735
-5.78941
-5.95035
-6.11012
-6.26870
-6.42605
-6.58213
-6.73691
-6.89036
-7.04243
-7.19310
-7.34234
-7.49010
-7.63635
-7.78107
-7.92421
-8.06576
-8.20566
-8.34390
-8.48044
-8.61525
-8.74830
-8.87955
-9.00898
-9.13655
-9.26224
-9.38602
-9.50786
-9.62772
-9.74559
-9.86143
-9.97521
-10.08691
-10.19650
-10.30395
-10.40924
-10.51235
-10.61324
-10.71189
-10.80828
-10.90238
-10.99417
-11.08363
-11.17073
-11.25545
-11.33777
-11.41767
-11.49512
-11.57011
-11.64262
-11.71263
-11.78011
-11.84505
-11.90744
-11.96724
-12.02446
-12.07906
-12.13104
-12.18038
-12.22706
-12.27107
-12.31240
-12.35103
-12.38695
-12.42014
-12.45060
-12.47832
-12.50328
-12.52547
-12.54488
-12.56151
-12.57535
-12.58638
-12.59461
-12.60002
-12.60261
-12.60237
-12.59930
-12.59340
-12.58465
-12.57306
-12.55863
-12.54134
-12.52121
-12.49823
-12.47239
-12.44371
-12.41217
-12.37779
-12.34056
-12.30049
-12.25758
-12.21184
-12.16326
-12.11185
-12.05763
-12.00059
-11.94074
-11.87809
-11.81265
-11.74443
-11.67343
-11.59967
-11.52316
-11.44390
-11.36191
-11.27720
-11.18979
-11.09968
-11.00690
-10.91145
-10.81335
-10.71262
-10.60927
-10.50332
-10.39479
-10.28370
-10.17005
-10.05388
-9.93521
-9.81404
-9.69041
-9.56434
-9.43584
-9.30494
-9.17167
-9.03604
-8.89808
-8.75781
-8.61527
-8.47047
-8.32344
-8.17421
-8.02281
-7.86926
-7.71359
-7.55582
-7.39600
-7.23415
-7.07029
-6.90447
-6.73670
-6.56703
-6.39548
-6.22209
-6.04688
-5.86990
-5.69117
-5.51073
-5.32862
-5.14486
-4.95950
-4.77258
-4.58411
-4.39415
-4.20273
-4.00989
-3.81566
-3.62009
-3.42320
-3.22505
-3.02567
-2.82509
-2.62336
-2.42052
-2.21660
-2.01166
-1.80572
-1.59883
-1.39104
-1.18238
-0.97289
-0.76263
-0.55162
-0.33991
-0.12755
0.08542
0.29896
0.51303
0.72758
0.94256
1.15794
1.37367
1.58970
1.80599
2.02250
2.23918
2.45599
2.67288
2.88981
3.10673
3.32359
3.54036
3.75698
3.97341
4.18961
4.40553
4.62112
4.83634
5.05114
5.26549
5.47932
5.69260
5.90529
6.11733
6.32868
6.53930
6.74913
6.95815
7.16629
7.37352
7.57979
7.78506
7.98928
8.19241
8.39440
8.59521
8.79480
8.99311
9.19012
9.38577
9.58002
9.77283
9.96416
10.15396
10.34219
10.52881
10.71378
10.89705
11.07859
11.25836
11.43630
11.61240
11.78659
11.95885
12.12913
12.29740
12.46362
12.62774
12.78973
12.94956
13.10719
13.26257
13.41568
13.56647
13.71492
13.86098
14.00463
14.14582
14.28453
14.42071
14.55435
14.68540
14.81384
14.93962
15.06273
15.18313
15.30079
15.41569
15.52778
15.63706
15.74347
15.84701
15.94764
16.04534
16.14008
16.23184
16.32058
16.40630
16.48896
16.56855
16.64503
16.71839
16.78862
16.85568
16.91955
16.98023
17.03769
17.09191
17.14288
17.19058
17.23499
17.27610
17.31390
17.34837
17.37949
17.40727
17.43167
17.45270
17.47034
17.48458
17.49542
17.50284
17.50684
17.50741
17.50455
17.49824
17.48849
17.47529
17.45864
17.43853
17.41497
17.38794
17.35745
17.32351
17.28611
17.24525
17.20094
17.15317
17.10196
17.04730
16.98921
16.92769
16.86274
16.79437
16.72260
16.64742
16.56886
16.48691
16.40159
16.31292
16.22090
16.12555
16.02688
15.92491
15.81965
15.71112
15.59933
15.48431
15.36607
15.24462
15.12000
14.99221
14.86129
14.72725
14.59011
14.44990
14.30664
14.16035
14.01107
13.85882
13.70361
13.54549
13.38447
13.22059
13.05388
12.88436
12.71207
12.53703
12.35928
12.17885
11.99577
11.81008
11.62180
11.43099
11.23766
11.04186
10.84362
10.64298
10.43997
10.23464
10.02703
9.81716
9.60509
9.39085
9.17448
8.95603
8.73553
8.51303
8.28858
8.06220
7.83396
7.60388
7.37203
7.13843
6.90315
6.66622
6.42768
6.18760
5.94600
5.70295
5.45849
5.21267
4.96553
4.71713
4.46751
4.21673
3.96484
3.71188
3.45790
3.20297
2.94712
2.69042
2.43290
2.17463
1.91566
1.65604
1.39582
1.13505
0.87380
0.61210
0.35003
0.08762
-0.17506
-0.43797
-0.70104
-0.96422
-1.22747
-1.49071
-1.75391
-2.01700
-2.27993
-2.54264
-2.80508
-3.06719
-3.32893
-3.59022
-3.85103
-4.11129
-4.37094
-4.62994
-4.88823
-5.14575
-5.40245
-5.65827
-5.91316
-6.16706
-6.41992
-6.67169
-6.92230
-7.17171
-7.41986
-7.66670
-7.91218
-8.15623
-8.39881
-8.63987
-8.87935
-9.11719
-9.35335
-9.58778
-9.82042
-10.05122
-10.28012
-10.50709
-10.73206
-10.95499
-11.17583
-11.39453
-11.61103
-11.82529
-12.03726
-12.24690
-12.45415
-12.65897
-12.86130
-13.06111
-13.25835
-13.45297
-13.64493
-13.83418
-14.02068
-14.20438
-14.38524
-14.56322
-14.73828
-14.91037
-15.07945
-15.24549
-15.40844
-15.56827
-15.72493
-15.87838
-16.02860
-16.17553
-16.31916
-16.45943
-16.59631
-16.72978
-16.85979
-16.98632
-17.10932
-17.22878
-17.34465
-17.45691
-17.56552
-17.67047
-17.77171
-17.86923
-17.96299
-18.05297
-18.13914
-18.22148
-18.29997
-18.37458
-18.44529
-18.51207
-18.57491
-18.63379
-18.68869
-18.73959
-18.78646
-18.82930
-18.86809
-18.90281
-18.93345
-18.96000
-18.98244
-19.00076
-19.01494
-19.02499
-19.03088
-19.03262
-19.03019
-19.02358
-19.01280
-18.99782
-18.97866
-18.95531
-18.92776
-18.89602
-18.86007
-18.81993
-18.77559
-18.72706
-18.67433
-18.61741
-18.55631
-18.49103
-18.42158
-18.34796
-18.27018
-18.18825
-18.10219
-18.01199
-17.91767
-17.81925
-17.71674
-17.61015
-17.49950
-17.38480
-17.26607
-17.14332
-17.01658
-16.88587
-16.75119
-16.61259
-16.47007
-16.32367
-16.17339
-16.01928
-15.86135
-15.69963
-15.53414
-15.36492
-15.19199
-15.01539
-14.83513
-14.65127
-14.46381
-14.27281
-14.07828
-13.88028
-13.67882
-13.47395
-13.26570
-13.05412
-12.83923
-12.62108
-12.39971
-12.17515
-11.94746
-11.71666
-11.48281
-11.24594
-11.00611
-10.76335
-10.51771
-10.26923
-10.01797
-9.76397
-9.50728
-9.24794
-8.98602
-8.72154
-8.45458
-8.18517
-7.91337
-7.63924
-7.36282
-7.08416
-6.80333
-6.52038
-6.23536
-5.94833
-5.65934
-5.36845
-5.07572
-4.78121
-4.48497
-4.18706
-3.88754
-3.58647
-3.28392
-2.97993
-2.67458
-2.36792
-2.06002
-1.75093
-1.44072
-1.12945
-0.81719
-0.50399
-0.18993
0.12495
0.44056
0.75685
1.07375
1.39120
1.70913
2.02747
2.34617
2.66515
2.98436
3.30371
3.62316
3.94262
4.26204
4.58135
4.90048
5.21936
5.53794
5.85613
6.17387
6.49111
6.80776
7.12377
7.43906
7.75357
8.06723
8.37998
8.69175
9.00247
9.31208
9.62051
9.92769
10.23355
10.53804
10.84108
11.14261
11.44257
11.74088
12.03749
12.33232
12.62532
12.91642
13.20556
13.49267
13.77769
14.06055
14.34120
14.61957
14.89560
15.16922
15.44038
15.70902
15.97507
16.23848
16.49918
16.75712
17.01223
17.26447
17.51377
17.76007
18.00332
18.24346
18.48044
18.71420
18.94469
19.17185
19.39564
19.61599
19.83286
20.04619
20.25593
20.46204
20.66447
20.86316
21.05806
21.24914
21.43634
21.61962
21.79894
21.97424
22.14549
22.31263
22.47564
22.63447
22.78908
22.93942
23.08547
23.22717
23.36451
23.49743
23.62590
23.74989
23.86936
23.98429
24.09463
24.20037
24.30146
24.39788
24.48960
24.57660
24.65884
24.73630
24.80896
24.87679
24.93977
24.99788
25.05109
25.09940
25.14277
25.18120
25.21466
25.24313
25.26662
25.28509
25.29854
25.30695
25.31032
25.30864
25.30189
25.29007
25.27318
25.25120
25.22413
25.19198
25.15473
25.11238
25.06494
25.01241
24.95479
24.89207
24.82427
24.75140
24.67344
24.59043
24.50235
24.40923
24.31106
24.20787
24.09967
23.98646
23.86827
23.74511
23.61700
23.48395
23.34598
23.20312
23.05538
22.90278
22.74536
22.58313
22.41612
22.24436
22.06787
21.88668
21.70081
21.51032
21.31521
21.11553
20.91130
20.70257
20.48937
20.27173
20.04969
19.82329
19.59257
19.35758
19.11834
18.87491
18.62732
18.37563
18.11987
17.86010
17.59635
17.32868
17.05714
16.78177
16.50262
16.21976
15.93322
15.64307
15.34935
15.05213
14.75145
14.44738
14.13997
13.82927
13.51536
13.19828
12.87810
12.55487
12.22867
11.89956
11.56759
11.23283
10.89534
10.55520
10.21246
9.86720
9.51948
9.16937
8.81693
8.46225
8.10538
7.74640
7.38537
7.02238
6.65749
6.29077
5.92230
5.55215
5.18040
4.80711
4.43238
4.05626
3.67884
3.30019
2.92039
2.53951
2.15764
1.77485
1.39122
1.00683
0.62175
0.23607
-0.15014
-0.53679
-0.92381
-1.31112
-1.69863
-2.08627
-2.47396
-2.86161
-3.24914
-3.63648
-4.02354
-4.41024
-4.79650
-5.18224
-5.56738
-5.95184
-6.33553
-6.71837
-7.10029
-7.48120
-7.86102
-8.23967
-8.61706
-8.99313
-9.36778
-9.74094
-10.11253
-10.48246
-10.85066
-11.21705
-11.58154
-11.94406
-12.30453
-12.66288
-13.01901
-13.37285
-13.72434
-14.07338
-14.41990
-14.76383
-15.10509
-15.44360
-15.77929
-16.11208
-16.44190
-16.76867
-17.09233
-17.41279
-17.72999
-18.04386
-18.35431
-18.66129
-18.96473
-19.26454
-19.56067
-19.85304
-20.14159
-20.42625
-20.70696
-20.98365
-21.25625
-21.52471
-21.78895
-22.04891
-22.30454
-22.55577
-22.80255
-23.04481
-23.28249
-23.51554
-23.74390
-23.96751
-24.18632
-24.40028
-24.60934
-24.81343
-25.01251
-25.20653
-25.39543
-25.57918
-25.75772
-25.93101
-26.09900
-26.26165
-26.41891
-26.57074
-26.71710
-26.85796
-26.99326
-27.12298
-27.24707
-27.36550
-27.47824
-27.58525
-27.68650
-27.78196
-27.87159
-27.95538
-28.03328
-28.10528
-28.17135
-28.23146
-28.28560
-28.33373
-28.37585
-28.41192
-28.44194
-28.46588
-28.48373
-28.49547
-28.50109
-28.50058
-28.49393
-28.48113
-28.46217
-28.43705
-28.40575
-28.36827
-28.32461
-28.27477
-28.21875
-28.15655
-28.08816
-28.01360
-27.93287
-27.84598
-27.75292
-27.65371
-27.54836
-27.43688
-27.31929
-27.19559
-27.06580
-26.92994
-26.78802
-26.64007
-26.48610
-26.32613
-26.16020
-25.98831
-25.81050
-25.62680
-25.43722
-25.24181
-25.04058
-24.83358
-24.62083
-24.40238
-24.17824
-23.94847
-23.71309
-23.47216
-23.22570
-22.97376
-22.71638
-22.45361
-22.18549
-21.91207
-21.63339
-21.34951
-21.06047
-20.76633
-20.46713
-20.16293
-19.85379
-19.53975
-19.22089
-18.89725
-18.56889
-18.23587
-17.89826
-17.55612
-17.20951
-16.85849
-16.50313
-16.14349
-15.77965
-15.41167
-15.03962
-14.66357
-14.28359
-13.89976
-13.51214
-13.12081
-12.72585
-12.32734
-11.92534
-11.51993
-11.11120
-10.69922
-10.28408
-9.86585
-9.44462
-9.02046
-8.59347
-8.16372
-7.73130
-7.29629
-6.85879
-6.41887
-5.97663
-5.53215
-5.08552
-4.63683
-4.18617
-3.73363
-3.27931
-2.82328
-2.36565
-1.90651
-1.44595
-0.98406
-0.52094
-0.05668
0.40863
0.87488
1.34199
1.80985
2.27838
2.74747
3.21704
3.68697
4.15718
4.62757
5.09803
5.56848
6.03881
6.50893
6.97874
7.44813
7.91702
8.38530
8.85287
9.31964
9.78550
10.25037
10.71413
11.17669
11.63796
12.09783
12.55621
13.01299
13.46809
13.92139
14.37282
14.82226
15.26962
15.71480
16.15771
16.59825
17.03633
17.47185
17.90471
18.33482
18.76208
19.18641
19.60770
20.02587
20.44082
20.85246
21.26069
21.66544
22.06660
22.46409
22.85781
23.24768
23.63362
24.01553
24.39332
24.76692
25.13623
25.50117
25.86166
26.21762
26.56896
26.91559
27.25745
27.59445
27.92651
28.25356
28.57551
28.89230
29.20384
29.51006
29.81089
30.10626
30.39609
30.68032
30.95888
31.23169
31.49869
31.75982
32.01501
32.26419
32.50731
32.74431
32.97511
33.19967
33.41792
33.62982
33.83529
34.03430
34.22678
34.41269
34.59197
34.76458
34.93047
35.08959
35.24189
35.38733
35.52588
35.65748
35.78211
35.89971
36.01026
36.11372
36.21005
36.29922
36.38120
36.45596
36.52347
36.58371
36.63665
36.68227
36.72053
36.75143
36.77494
36.79105
36.79973
36.80098
36.79478
36.78111
36.75998
36.73136
36.69525
36.65164
36.60054
36.54194
36.47583
36.40222
36.32112
36.23251
36.13641
36.03283
35.92177
35.80325
35.67727
35.54384
35.40299
35.25473
35.09907
34.93604
34.76566
34.58794
34.40292
34.21061
34.01105
33.80427
33.59029
33.36914
33.14086
32.90549
32.66306
32.41361
32.15717
31.89379
31.62352
31.34639
31.06245
30.77175
30.47433
30.17025
29.85956
29.54231
29.21856
28.88836
28.55176
28.20883
27.85963
27.50422
27.14266
26.77502
26.40136
26.02174
25.63625
25.24494
24.84789
24.44517
24.03686
23.62302
23.20374
22.77910
22.34916
21.91402
21.47376
21.02845
20.57818
20.12303
19.66310
19.19847
18.72922
18.25545
17.77724
17.29470
16.80790
16.31695
15.82194
15.32297
14.82013
14.31352
13.80324
13.28939
12.77207
12.25137
11.72742
11.20030
10.67012
10.13698
9.60100
9.06227
8.52092
7.97703
7.43073
6.88211
6.33130
5.77841
5.22353
4.66679
4.10830
3.54818
2.98652
2.42346
1.85910
1.29356
0.72695
0.15940
-0.40899
-0.97809
-1.54779
-2.11797
-2.68852
-3.25931
-3.83022
-4.40115
-4.97196
-5.54254
-6.11278
-6.68254
-7.25172
-7.82019
-8.38784
-8.95453
-9.52016
-10.08461
-10.64775
-11.20946
-11.76963
-12.32814
-12.88486
-13.43969
-13.99249
-14.54315
-15.09155
-15.63757
-16.18111
-16.72203
-17.26022
-17.79556
-18.32795
-18.85725
-19.38336
-19.90617
-20.42554
-20.94138
-21.45357
-21.96199
-22.46654
-22.96710
-23.46355
-23.95579
-24.44372
-24.92721
-25.40616
-25.88047
-26.35003
-26.81472
-27.27445
-27.72911
-28.17859
-28.62280
-29.06163
-29.49498
-29.92276
-30.34485
-30.76117
-31.17162
-31.57610
-31.97451
-32.36677
-32.75278
-33.13245
-33.50569
-33.87240
-34.23251
-34.58593
-34.93256
-35.27233
-35.60515
-35.93094
-36.24962
-36.56111
-36.86534
-37.16222
-37.45169
-37.73367
-38.00808
-38.27487
-38.53394
-38.78525
-39.02873
-39.26430
-39.49191
-39.71150
-39.92300
-40.12635
-40.32151
-40.50841
-40.68700
-40.85723
-41.01905
-41.17241
-41.31726
-41.45357
-41.58127
-41.70034
-41.81073
-41.91241
-42.00533
-42.08946
-42.16478
-42.23124
-42.28882
-42.33750
-42.37723
-42.40801
-42.42981
-42.44261
-42.44638
-42.44112
-42.42680
-42.40342
-42.37096
-42.32942
-42.27878
-42.21905
-42.15021
-42.07226
-41.98521
-41.88906
-41.78381
-41.66947
-41.54604
-41.41354
-41.27197
-41.12135
-40.96170
-40.79302
-40.61535
-40.42870
-40.23309
-40.02855
-39.81511
-39.59280
-39.36164
-39.12166
-38.87291
-38.61542
-38.34922
-38.07436
-37.79088
-37.49882
-37.19822
-36.88914
-36.57163
-36.24573
-35.91150
-35.56899
-35.21826
-34.85937
-34.49237
-34.11734
-33.73433
-33.34341
-32.94465
-32.53812
-32.12388
-31.70201
-31.27258
-30.83567
-30.39136
-29.93973
-29.48085
-29.01482
-28.54171
-28.06161
-27.57461
-27.08079
-26.58025
-26.07309
-25.55938
-25.03924
-24.51275
-23.98002
-23.44114
-22.89622
-22.34535
-21.78865
-21.22622
-20.65816
-20.08458
-19.50560
-18.92132
-18.33185
-17.73732
-17.13783
-16.53350
-15.92444
-15.31079
-14.69264
-14.07014
-13.44339
-12.81252
-12.17766
-11.53892
-10.89645
-10.25035
-9.60077
-8.94783
-8.29165
-7.63238
-6.97014
-6.30507
-5.63729
-4.96695
-4.29418
-3.61911
-2.94188
-2.26262
-1.58149
-0.89860
-0.21411
0.47185
1.15914
1.84761
2.53713
3.22756
3.91874
4.61055
5.30283
5.99544
6.68825
7.38110
8.07385
8.76636
9.45848
10.15007
10.84098
11.53107
12.22020
12.90821
13.59496
14.28031
14.96411
15.64622
16.32650
17.00478
17.68095
18.35483
19.02631
19.69522
20.36143
21.02479
21.68515
22.34239
22.99635
23.64689
24.29387
24.93715
25.57659
26.21205
26.84339
27.47047
28.09315
28.71130
29.32477
29.93344
30.53717
31.13582
31.72926
32.31735
32.89997
33.47699
34.04827
34.61368
35.17310
35.72640
36.27345
36.81413
37.34831
37.87588
38.39670
38.91067
39.41765
39.91754
40.41022
40.89556
41.37347
41.84381
42.30649
42.76139
43.20841
43.64743
44.07835
44.50108
44.91549
45.32150
45.71901
46.10791
46.48811
46.85952
47.22204
47.57558
47.92005
48.25537
48.58145
48.89820
49.20554
49.50339
49.79168
50.07032
50.33924
50.59836
50.84762
51.08695
51.31627
51.53553
51.74466
51.94359
52.13228
52.31065
52.47866
52.63625
52.78338
52.91998
53.04602
53.16145
53.26622
53.36030
53.44365
53.51623
53.57800
53.62894
53.66902
53.69820
53.71646
53.72379
53.72015
53.70552
53.67991
53.64328
53.59562
53.53693
53.46721
53.38643
53.29461
53.19174
53.07782
52.95286
52.81686
52.66983
52.51179
52.34274
52.16271
51.97170
51.76975
51.55687
51.33308
51.09842
50.85292
50.59660
50.32950
50.05166
49.76312
49.46391
49.15408
48.83368
48.50275
48.16135
47.80952
47.44733
47.07482
46.69206
46.29911
45.89603
45.48289
45.05976
44.62670
44.18379
43.73111
43.26873
42.79673
42.31519
41.82419
41.32383
40.81418
40.29534
39.76740
39.23045
38.68459
38.12992
37.56653
36.99454
36.41403
35.82512
35.22791
34.62252
34.00906
33.38764
32.75837
32.12137
31.47676
30.82467
30.16520
29.49850
28.82468
28.14387
27.45621
26.76181
26.06082
25.35337
24.63960
23.91963
23.19362
22.46170
21.72401
20.98069
20.23190
19.47778
18.71847
17.95412
17.18489
16.41092
15.63237
14.84940
14.06215
13.27078
12.47545
11.67633
10.87356
10.06731
9.25775
8.44503
7.62931
6.81077
5.98956
5.16586
4.33983
3.51164
2.68145
1.84944
1.01578
0.18063
-0.65583
-1.49343
-2.33199
-3.17135
-4.01134
-4.85177
-5.69247
-6.53328
-7.37400
-8.21448
-9.05453
-9.89398
-10.73265
-11.57037
-12.40696
-13.24224
-14.07604
-14.90819
-15.73850
-16.56679
-17.39290
-18.21665
-19.03786
-19.85636
-20.67197
-21.48451
-22.29382
-23.09972
-23.90202
-24.70057
-25.49519
-26.28570
-27.07194
-27.85372
-28.63089
-29.40327
-30.17069
-30.93299
-31.68999
-32.44153
-33.18744
-33.92756
-34.66172
-35.38976
-36.11152
-36.82684
-37.53555
-38.23750
-38.93252
-39.62047
-40.30118
-40.97450
-41.64028
-42.29837
-42.94861
-43.59086
-44.22496
-44.85078
-45.46816
-46.07696
-46.67705
-47.26827
-47.85050
-48.42359
-48.98741
-49.54183
-50.08670
-50.62191
-51.14733
-51.66282
-52.16827
-52.66354
-53.14852
-53.62310
-54.08714
-54.54054
-54.98318
-55.41496
-55.83575
-56.24547
-56.64399
-57.03122
-57.40706
-57.77141
-58.12416
-58.46524
-58.79455
-59.11199
-59.41748
-59.71094
-59.99228
-60.26142
-60.51829
-60.76281
-60.99491
-61.21451
-61.42155
-61.61596
-61.79769
-61.96666
-62.12283
-62.26613
-62.39652
-62.51395
-62.61836
-62.70971
-62.78796
-62.85307
-62.90501
-62.94373
-62.96922
-62.98143
-62.98034
-62.96594
-62.93819
-62.89708
-62.84260
-62.77473
-62.69347
-62.59880
-62.49073
-62.36925
-62.23436
-62.08606
-61.92438
-61.74930
-61.56086
-61.35905
-61.14391
-60.91544
-60.67369
-60.41866
-60.15040
-59.86893
-59.57429
-59.26652
-58.94566
-58.61175
-58.26483
-57.90497
-57.53220
-57.14659
-56.74819
-56.33705
-55.91326
-55.47686
-55.02793
-54.56655
-54.09277
-53.60669
-53.10838
-52.59792
-52.07539
-51.54089
-50.99450
-50.43632
-49.86644
-49.28496
-48.69198
-48.08761
-47.47194
-46.84509
-46.20717
-45.55828
-44.89856
-44.22810
-43.54705
-42.85551
-42.15361
-41.44149
-40.71926
-39.98707
-39.24505
-38.49333
-37.73206
-36.96137
-36.18141
-35.39233
-34.59427
-33.78738
-32.97182
-32.14774
-31.31530
-30.47465
-29.62596
-28.76939
-27.90510
-27.03326
-26.15403
-25.26760
-24.37411
-23.47377
-22.56673
-21.65317
-20.73327
-19.80722
-18.87520
-17.93738
-16.99395
-16.04511
-15.09103
-14.13191
-13.16793
-12.19930
-11.22619
-10.24882
-9.26737
-8.28204
-7.29303
-6.30053
-5.30476
-4.30590
-3.30417
-2.29976
-1.29288
-0.28374
0.72746
1.74051
2.75521
3.77134
4.78870
5.80708
6.82626
7.84604
8.86621
9.88654
10.90684
11.92689
12.94648
13.96539
14.98340
16.00032
17.01591
18.02998
19.04230
20.05266
21.06085
22.06665
23.06986
24.07025
25.06761
26.06173
27.05240
28.03941
29.02254
30.00158
30.97632
31.94655
32.91207
33.87265
34.82809
35.77819
36.72274
37.66153
38.59435
39.52100
40.44128
41.35498
42.26190
43.16184
44.05461
44.93999
45.81781
46.68784
47.54992
48.40383
49.24939
50.08641
50.91470
51.73406
52.54432
53.34529
54.13678
54.91862
55.69062
56.45260
57.20440
57.94583
58.67672
59.39690
60.10620
60.80446
61.49151
62.16719
62.83133
63.48378
64.12439
64.75299
65.36943
65.97357
66.56525
67.14434
67.71068
68.26415
68.80459
69.33188
69.84588
70.34646
70.83350
71.30686
71.76643
72.21208
72.64370
73.06117
73.46438
