0.00000
0.00000
0.00018
0.00054
0.00107
0.00178
0.00267
0.00374
0.00498
0.00640
0.00799
0.00976
0.01170
0.01382
0.01611
0.01856
0.02119
0.02399
0.02696
0.03010
0.03340
0.03688
0.04051
0.04431
0.04828
0.05241
0.05670
0.06115
0.06576
0.07053
0.07545
0.08053
0.08577
0.09116
0.09670
0.10239
0.10823
0.11422
0.12036
0.12664
0.13307
0.13964
0.14635
0.15320
0.16019
0.16731
0.17457
0.18197
0.18949
0.19715
0.20493
0.21285
0.22088
0.22904
0.23733
0.24573
0.25425
0.26289
0.27164
0.28050
0.28948
0.29857
0.30776
0.31706
0.32646
0.33597
0.34557
0.35527
0.36507
0.37496
0.38495
0.39502
0.40518
0.41543
0.42576
0.43618
0.44667
0.45724
0.46789
0.47861
0.48940
0.50027
0.51119
0.52219
0.53325
0.54436
0.55554
0.56678
0.57806
0.58940
0.60079
0.61223
0.62372
0.63525
0.64682
0.65842
0.67007
0.68175
0.69346
0.70521
0.71698
0.72878
0.74060
0.75244
0.76431
0.77619
0.78808
0.79999
0.81191
0.82383
0.83577
0.84771
0.85964
0.87158
0.88352
0.89545
0.90738
0.91929
0.93120
0.94309
0.95497
0.96682
0.97866
0.99048
1.00227
1.01404
1.02578
1.03749
1.04917
1.06081
1.07241
1.08398
1.09551
1.10699
1.11843
1.12982
1.14117
1.15246
1.16370
1.17489
1.18602
1.19709
1.20811
1.21906
1.22994
1.24076
1.25152
1.26220
1.27281
1.28335
1.29382
1.30420
1.31451
1.32474
1.33489
1.34495
1.35493
1.36482
1.37462
1.38434
1.39396
1.40349
1.41292
1.42226
1.43149
1.44063
1.44967
1.45861
1.46744
1.47617
1.48479
1.49330
1.50171
1.51000
1.51818
1.52625
1.53420
1.54204
1.54976
1.55737
1.56485
1.57221
1.57946
1.58658
1.59357
1.60045
1.60719
1.61381
1.62030
1.62667
1.63290
1.63901
1.64498
1.65082
1.65653
1.66211
1.66755
1.67285
1.67802
1.68306
1.68795
1.69271
1.69733
1.70181
1.70616
1.71036
1.71442
1.71834
1.72212
1.72576
1.72926
1.73261
1.73583
1.73889
1.74182
1.74460
1.74724
1.74973
1.75208
1.75429
1.75635
1.75827
1.76004
1.76166
1.76315
1.76449
1.76568
1.76673
1.76763
1.76839
1.76901
1.76948
1.76981
1.77000
1.77004
1.76994
1.76969
1.76931
1.76878
1.76811
1.76730
1.76635
1.76525
1.76402
1.76265
1.76114
1.75949
1.75771
1.75579
1.75373
1.75153
1.74920
1.74674
1.74414
1.74141
1.73854
1.73555
1.73242
1.72917
1.72579
1.72227
1.71863
1.71487
1.71098
1.70696
1.70283
1.69857
1.69419
1.68968
1.68506
1.68032
1.67547
1.67050
1.66541
1.66021
1.65490
1.64948
1.64394
1.63830
1.63255
1.62670
1.62074
1.61467
1.60851
1.60224
1.59587
1.58941
1.58285
1.57619
1.56944
1.56260
1.55566
1.54864
1.54153
1.53433
1.52704
1.51968
1.51223
1.50470
1.49709
1.48940
1.48164
1.47380
1.46589
1.45791
1.44986
1.44174
1.43355
1.42530
1.41699
1.40861
1.40018
1.39169
1.38314
1.37453
1.36588
1.35717
1.34841
1.33961
1.33075
1.32186
1.31292
1.30394
1.29492
1.28586
1.27677
1.26764
1.25849
1.24930
1.24008
1.23083
1.22156
1.21227
1.20295
1.19361
1.18426
1.17489
1.16550
1.15610
1.14669
1.13727
1.12785
1.11841
1.10897
1.09953
1.09009
1.08065
1.07122
1.06178
1.05236
1.04294
1.03353
1.02413
1.01475
1.00538
0.99602
0.98669
0.97737
0.96808
0.95880
0.94956
0.94034
0.93115
0.92198
0.91285
0.90375
0.89469
0.88566
0.87667
0.86772
0.85881
0.84995
0.84113
0.83235
0.82362
0.81494
0.80631
0.79773
0.78920
0.78073
0.77231
0.76395
0.75565
0.74741
0.73924
0.73112
0.72307
0.71509
0.70717
0.69932
0.69154
0.68383
0.67620
0.66863
0.66115
0.65374
0.64640
0.63915
0.63197
0.62488
0.61786
0.61093
0.60409
0.59733
0.59065
0.58407
0.57757
0.57116
0.56484
0.55862
0.55248
0.54644
0.54050
0.53465
0.52889
0.52323
0.51767
0.51221
0.50685
0.50159
0.49643
0.49137
0.48642
0.48157
0.47682
0.47217
0.46764
0.46320
0.45888
0.45466
0.45055
0.44655
0.44265
0.43887
0.43519
0.43163
0.42818
0.42483
0.42160
0.41848
0.41548
0.41258
0.40980
0.40713
0.40458
0.40214
0.39981
0.39760
0.39550
0.39352
0.39165
0.38989
0.38825
0.38673
0.38532
0.38402
0.38284
0.38178
0.38083
0.37999
0.37927
0.37867
0.37818
0.37780
0.37754
0.37740
0.37736
0.37744
0.37764
0.37795
0.37837
0.37890
0.37955
0.38031
0.38118
0.38216
0.38325
0.38445
0.38577
0.38719
0.38872
0.39036
0.39211
0.39397
0.39594
0.39801
0.40018
0.40247
0.40485
0.40734
0.40994
0.41264
0.41544
0.41834
0.42134
0.42444
0.42764
0.43094
0.43434
0.43783
0.44142
0.44510
0.44888
0.45276
0.45672
0.46078
0.46492
0.46916
0.47349
0.47790
0.48240
0.48699
0.49166
0.49641
0.50125
0.50617
0.51117
0.51625
0.52140
0.52664
0.53195
0.53734
0.54280
0.54833
0.55394
0.55961
0.56536
0.57117
0.57705
0.58300
0.58901
0.59508
0.60122
0.60742
0.61367
0.61999
0.62636
0.63279
0.63927
0.64581
0.65240
0.65904
0.66572
0.67246
0.67924
0.68607
0.69294
0.69986
0.70681
0.71381
0.72084
0.72791
0.73502
0.74216
0.74934
0.75654
0.76378
0.77104
0.77834
0.78566
0.79300
0.80037
0.80776
0.81517
0.82260
0.83004
0.83751
0.84498
0.85248
0.85998
0.86750
0.87502
0.88255
0.89009
0.89763
0.90518
0.91273
0.92028
0.92783
0.93538
0.94293
0.95047
0.95800
0.96553
0.97305
0.98056
0.98806
0.99555
1.00302
1.01047
1.01791
1.02533
1.03274
1.04012
1.04748
1.05481
1.06212
1.06941
1.07667
1.08390
1.09110
1.09826
1.10540
1.11250
1.11957
1.12660
1.13360
1.14056
1.14747
1.15435
1.16118
1.16797
1.17472
1.18142
1.18808
1.19468
1.20124
1.20775
1.21421
1.22061
1.22696
1.23326
1.23950
1.24569
1.25182
1.25789
1.26390
1.26985
1.27574
1.28156
1.28733
1.29303
1.29866
1.30423
1.30973
1.31516
1.32053
1.32582
1.33105
1.33620
1.34128
1.34629
1.35123
1.35609
1.36087
1.36558
1.37022
1.37477
1.37925
1.38365
1.38797
1.39221
1.39637
1.40045
1.40445
1.40837
1.41220
1.41595
1.41961
1.42320
1.42669
1.43010
1.43343
1.43667
1.43982
1.44288
1.44586
1.44875
1.45155
1.45427
1.45689
1.45943
1.46187
1.46423
1.46649
1.46867
1.47076
1.47275
1.47465
1.47647
1.47819
1.47982
1.48136
1.48281
1.48416
1.48543
1.48660
1.48768
1.48867
1.48956
1.49037
1.49108
1.49171
1.49224
1.49267
1.49302
1.49328
1.49344
1.49352
1.49350
1.49339
1.49319
1.49290
1.49252
1.49205
1.49150
1.49085
1.49011
1.48929
1.48837
1.48737
1.48628
1.48511
1.48384
1.48249
1.48106
1.47953
1.47793
1.47624
1.47446
1.47260
1.47066
1.46863
1.46652
1.46433
1.46206
1.45971
1.45728
1.45477
1.45218
1.44951
1.44677
1.44395
1.44105
1.43808
1.43503
1.43191
1.42871
1.42544
1.42210
1.41869
1.41521
1.41166
1.40804
1.40435
1.40060
1.39678
1.39289
1.38894
1.38492
1.38085
1.37671
1.37251
1.36824
1.36392
1.35954
1.35511
1.35061
1.34606
1.34146
1.33680
1.33209
1.32733
1.32251
1.31765
1.31274
1.30778
1.30277
1.29772
1.29262
1.28747
1.28229
1.27706
1.27180
1.26649
1.26114
1.25576
1.25034
1.24488
1.23939
1.23387
1.22831
1.22272
1.21711
1.21146
1.20579
1.20009
1.19436
1.18861
1.18283
1.17704
1.17122
1.16538
1.15952
1.15365
1.14775
1.14185
1.13592
1.12999
1.12404
1.11808
1.11211
1.10613
1.10014
1.09415
1.08815
1.08214
1.07613
1.07012
1.06411
1.05810
1.05209
1.04608
1.04008
1.03408
1.02808
1.02209
1.01611
1.01014
1.00417
0.99822
0.99228
0.98635
0.98044
0.97454
0.96866
0.96279
0.95694
0.95111
0.94531
0.93952
0.93375
0.92801
0.92230
0.91660
0.91094
0.90530
0.89969
0.89411
0.88856
0.88304
0.87756
0.87210
0.86668
0.86130
0.85595
0.85064
0.84536
0.84013
0.83493
0.82977
0.82466
0.81959
0.81456
0.80957
0.80463
0.79973
0.79488
0.79008
0.78533
0.78062
0.77596
0.77136
0.76680
0.76229
0.75784
0.75344
0.74910
0.74481
0.74057
0.73639
0.73227
0.72820
0.72419
0.72024
0.71635
0.71252
0.70875
0.70504
0.70139
0.69780
0.69428
0.69082
0.68742
0.68408
0.68081
0.67761
0.67447
0.67139
0.66838
0.66544
0.66257
0.65976
0.65702
0.65435
0.65175
0.64922
0.64675
0.64436
0.64203
0.63978
0.63759
0.63548
0.63344
0.63147
0.62957
0.62774
0.62598
0.62430
0.62269
0.62115
0.61968
0.61829
0.61697
0.61572
0.61454
0.61344
0.61241
0.61145
0.61057
0.60976
0.60902
0.60835
0.60776
0.60725
0.60680
0.60643
0.60613
0.60590
0.60575
0.60567
0.60566
0.60572
0.60586
0.60607
0.60635
0.60670
0.60712
0.60762
0.60818
0.60882
0.60953
0.61030
0.61115
0.61207
0.61305
0.61411
0.61523
0.61642
0.61768
0.61901
0.62041
0.62187
0.62340
0.62499
0.62665
0.62838
0.63017
0.63202
0.63394
0.63592
0.63797
0.64007
0.64224
0.64447
0.64676
0.64912
0.65153
0.65400
0.65653
0.65912
0.66176
0.66446
0.66722
0.67004
0.67290
0.67583
0.67880
0.68183
0.68492
0.68805
0.69124
0.69447
0.69776
0.70109
0.70448
0.70791
0.71138
0.71491
0.71848
0.72209
0.72575
0.72945
0.73319
0.73698
0.74080
0.74467
0.74857
0.75252
0.75650
0.76052
0.76457
0.76866
0.77279
0.77694
0.78113
0.78536
0.78961
0.79389
0.79821
0.80255
0.80692
0.81132
0.81574
0.82019
0.82466
0.82915
0.83367
0.83821
0.84277
0.84735
0.85195
0.85657
0.86121
0.86586
0.87052
0.87521
0.87990
0.88461
0.88933
0.89406
0.89880
0.90355
0.90831
0.91308
0.91785
0.92263
0.92742
0.93220
0.93700
0.94179
0.94658
0.95138
0.95617
0.96097
0.96576
0.97054
0.97533
0.98011
0.98488
0.98965
0.99441
0.99916
1.00390
1.00863
1.01335
1.01806
1.02276
1.02744
1.03211
1.03677
1.04141
1.04603
1.05063
1.05522
1.05979
1.06433
1.06886
1.07336
1.07785
1.08231
1.08674
1.09115
1.09554
1.09990
1.10423
1.10854
1.11281
1.11706
1.12128
1.12547
1.12962
1.13375
1.13784
1.14190
1.14592
1.14991
1.15387
1.15779
1.16167
1.16551
1.16932
1.17309
1.17682
1.18051
1.18415
1.18776
1.19133
1.19485
1.19834
1.20177
1.20517
1.20852
1.21183
1.21509
1.21830
1.22147
1.22459
1.22766
1.23069
1.23367
1.23660
1.23948
1.24231
1.24509
1.24782
1.25050
1.25312
1.25570
1.25823
1.26070
1.26312
1.26548
1.26780
1.27006
1.27226
1.27441
1.27651
1.27855
1.28054
1.28247
1.28434
1.28616
1.28792
1.28963
1.29128
1.29288
1.29441
1.29589
1.29732
1.29868
1.29999
1.30124
1.30243
1.30357
1.30464
1.30566
1.30662
1.30752
1.30837
1.30915
1.30988
1.31055
1.31116
1.31171
1.31221
1.31265
1.31302
1.31334
1.31360
1.31381
1.31395
1.31404
1.31407
1.31404
1.31396
1.31381
1.31361
1.31335
1.31304
1.31267
1.31224
1.31175
1.31121
1.31061
1.30996
1.30925
1.30849
1.30767
1.30680
1.30587
1.30488
1.30385
1.30275
1.30161
1.30041
1.29916
1.29786
1.29650
1.29510
1.29364
1.29213
1.29057
1.28896
1.28730
1.28559
1.28383
1.28202
1.28017
1.27826
1.27631
1.27431
1.27227
1.27018
1.26804
1.26586
1.26364
1.26137
1.25905
1.25670
1.25430
1.25186
1.24937
1.24685
1.24429
1.24168
1.23904
1.23636
1.23364
1.23088
1.22809
1.22526
1.22239
1.21949
1.21655
1.21358
1.21058
1.20754
1.20447
1.20137
1.19824
1.19508
1.19188
1.18866
1.18542
1.18214
1.17884
1.17551
1.17215
1.16877
1.16536
1.16193
1.15848
1.15501
1.15151
1.14799
1.14446
1.14090
1.13732
1.13373
1.13012
1.12649
1.12284
1.11918
1.11551
1.11182
1.10812
1.10440
1.10068
1.09694
1.09319
1.08943
1.08566
1.08189
1.07810
1.07431
1.07051
1.06671
1.06290
1.05909
1.05528
1.05146
1.04764
1.04382
1.04000
1.03618
1.03236
1.02854
1.02472
1.02091
1.01710
1.01329
1.00949
1.00569
1.00190
0.99812
0.99435
0.99058
0.98682
0.98308
0.97934
0.97561
0.97190
0.96820
0.96451
0.96083
0.95717
0.95353
0.94990
0.94628
0.94269
0.93911
0.93555
0.93200
0.92848
0.92498
0.92149
0.91803
0.91459
0.91118
0.90778
0.90441
0.90106
0.89774
0.89445
0.89118
0.88793
0.88471
0.88152
0.87836
0.87523
0.87212
0.86905
0.86600
0.86299
0.86000
0.85705
0.85413
0.85124
0.84839
0.84557
0.84278
0.84003
0.83731
0.83462
0.83198
0.82936
0.82679
0.82425
0.82175
0.81928
0.81686
0.81447
0.81212
0.80981
0.80754
0.80531
0.80312
0.80097
0.79886
0.79679
0.79477
0.79278
0.79084
0.78893
0.78708
0.78526
0.78349
0.78176
0.78007
0.77843
0.77683
0.77527
0.77376
0.77229
0.77087
0.76950
0.76816
0.76688
0.76564
0.76444
0.76329
0.76218
0.76113
0.76011
0.75915
0.75822
0.75735
0.75652
0.75574
0.75500
0.75431
0.75367
0.75307
0.75252
0.75202
0.75156
0.75115
0.75079
0.75047
0.75020
0.74997
0.74979
0.74966
0.74958
0.74954
0.74954
0.74959
0.74969
0.74983
0.75002
0.75026
0.75054
0.75086
0.75123
0.75165
0.75211
0.75261
0.75316
0.75376
0.75439
0.75508
0.75580
0.75657
0.75738
0.75823
0.75913
0.76007
0.76105
0.76208
0.76314
0.76425
0.76540
0.76659
0.76781
0.76908
0.77039
0.77174
0.77313
0.77456
0.77602
0.77753
0.77907
0.78065
0.78227
0.78392
0.78561
0.78733
0.78910
0.79089
0.79272
0.79459
0.79649
0.79843
0.80039
0.80239
0.80442
0.80649
0.80858
0.81071
0.81287
0.81506
0.81727
0.81952
0.82180
0.82410
0.82643
0.82879
0.83117
0.83359
0.83602
0.83849
0.84097
0.84349
0.84602
0.84858
0.85116
0.85377
0.85639
0.85904
0.86171
0.86440
0.86710
0.86983
0.87258
0.87534
0.87812
0.88092
0.88373
0.88656
0.88941
0.89227
0.89514
0.89803
0.90093
0.90385
0.90677
0.90971
0.91266
0.91562
0.91858
0.92156
0.92455
0.92754
0.93054
0.93355
0.93656
0.93958
0.94261
0.94564
0.94867
0.95171
0.95475
0.95780
0.96084
0.96389
0.96693
0.96998
0.97303
0.97607
0.97912
0.98216
0.98520
0.98823
0.99126
0.99429
0.99731
1.00033
1.00334
1.00635
1.00935
1.01234
1.01532
1.01829
1.02126
1.02421
1.02716
1.03009
1.03301
1.03593
1.03882
1.04171
1.04458
1.04744
1.05029
1.05312
1.05593
1.05873
1.06151
1.06428
1.06703
1.06976
1.07247
1.07517
1.07784
1.08050
1.08313
1.08575
1.08834
1.09092
1.09347
1.09600
1.09850
1.10099
1.10345
1.10588
1.10830
1.11068
1.11305
1.11539
1.11770
1.11998
1.12224
1.12447
1.12668
1.12886
1.13101
1.13313
1.13522
1.13729
1.13932
1.14133
1.14330
1.14525
1.14716
1.14905
1.15090
1.15272
1.15451
1.15627
1.15800
1.15969
1.16135
1.16298
1.16457
1.16614
1.16766
1.16916
1.17062
1.17205
1.17344
1.17480
1.17612
1.17741
1.17866
1.17988
1.18106
1.18221
1.18332
1.18439
1.18543
1.18644
1.18740
1.18833
1.18923
1.19009
1.19091
1.19169
1.19244
1.19315
1.19382
1.19446
1.19506
1.19563
1.19615
1.19664
1.19709
1.19751
1.19789
1.19823
1.19853
1.19880
1.19903
1.19922
1.19938
1.19950
1.19958
1.19963
1.19964
1.19961
1.19954
1.19944
1.19931
1.19913
1.19892
1.19868
1.19840
1.19808
1.19772
1.19734
1.19691
1.19645
1.19596
1.19543
1.19486
1.19426
1.19363
1.19296
1.19226
1.19152
1.19075
1.18995
1.18911
1.18824
1.18734
1.18640
1.18543
1.18443
1.18340
1.18234
1.18124
1.18012
1.17896
1.17777
1.17655
1.17531
1.17403
1.17272
1.17138
1.17002
1.16863
1.16720
1.16575
1.16428
1.16277
1.16124
1.15968
1.15810
1.15649
1.15485
1.15319
1.15150
1.14979
1.14806
1.14630
1.14452
1.14271
1.14088
1.13903
1.13716
1.13527
1.13335
1.13142
1.12946
1.12749
1.12549
1.12348
1.12144
1.11939
1.11732
1.11523
1.11313
1.11101
1.10887
1.10672
1.10455
1.10237
1.10017
1.09796
1.09573
1.09349
1.09124
1.08898
1.08670
1.08442
1.08212
1.07981
1.07749
1.07516
1.07282
1.07048
1.06812
1.06576
1.06339
1.06101
1.05863
1.05624
1.05384
1.05144
1.04903
1.04662
1.04421
1.04179
1.03937
1.03695
1.03452
1.03210
1.02967
1.02724
1.02481
1.02238
1.01995
1.01753
1.01510
1.01268
1.01026
1.00784
1.00542
1.00301
1.00061
0.99820
0.99581
0.99341
0.99103
0.98865
0.98627
0.98391
0.98155
0.97920
0.97686
0.97452
0.97220
0.96989
0.96758
0.96529
0.96300
0.96073
0.95847
0.95622
0.95399
0.95176
0.94956
0.94736
0.94518
0.94301
0.94086
0.93872
0.93659
0.93449
0.93240
0.93032
0.92826
0.92622
0.92420
0.92220
0.92021
0.91824
0.91629
0.91436
0.91245
0.91056
0.90869
0.90684
0.90501
0.90320
0.90141
0.89965
0.89790
0.89618
0.89448
0.89280
0.89115
0.88952
0.88791
0.88633
0.88477
0.88323
0.88172
0.88024
0.87877
0.87734
0.87593
0.87454
0.87318
0.87185
0.87054
0.86926
0.86800
0.86677
0.86557
0.86440
0.86325
0.86213
0.86104
0.85997
0.85894
0.85793
0.85695
0.85599
0.85507
0.85417
0.85331
0.85247
0.85166
0.85088
0.85012
0.84940
0.84870
0.84804
0.84740
0.84680
0.84622
0.84567
0.84515
0.84466
0.84420
0.84377
0.84337
0.84300
0.84266
0.84234
0.84206
0.84181
0.84158
0.84139
0.84122
0.84109
0.84098
0.84091
0.84086
0.84084
0.84085
0.84089
0.84096
0.84106
0.84119
0.84135
0.84153
0.84175
0.84199
0.84226
0.84256
0.84289
0.84324
0.84363
0.84404
0.84448
0.84495
0.84544
0.84597
0.84652
0.84709
0.84770
0.84833
0.84899
0.84967
0.85038
0.85112
0.85188
0.85267
0.85348
0.85432
0.85518
0.85607
0.85698
0.85792
0.85888
0.85987
0.86088
0.86191
0.86297
0.86405
0.86515
0.86628
0.86743
0.86860
0.86979
0.87100
0.87224
0.87349
0.87477
0.87606
0.87738
0.87872
0.88007
0.88145
0.88285
0.88426
0.88569
0.88714
0.88861
0.89010
0.89160
0.89312
0.89466
0.89621
0.89778
0.89936
0.90097
0.90258
0.90421
0.90586
0.90751
0.90919
0.91087
0.91257
0.91428
0.91601
0.91774
0.91949
0.92125
0.92302
0.92480
0.92659
0.92839
0.93020
0.93202
0.93385
0.93569
0.93754
0.93939
0.94125
0.94312
0.94499
0.94688
0.94876
0.95066
0.95256
0.95446
0.95637
0.95828
0.96020
0.96212
0.96404
0.96597
0.96790
0.96983
0.97176
0.97369
0.97563
0.97756
0.97950
0.98144
0.98337
0.98531
0.98724
0.98917
0.99111
0.99303
0.99496
0.99688
0.99880
1.00072
1.00263
1.00454
1.00645
1.00834
1.01024
1.01213
1.01401
1.01589
1.01776
1.01962
1.02147
1.02332
1.02516
1.02699
1.02882
1.03063
1.03244
1.03423
1.03602
1.03779
1.03956
1.04131
1.04306
1.04479
1.04651
1.04822
1.04992
1.05160
1.05327
1.05493
1.05658
1.05821
1.05983
1.06143
1.06302
1.06460
1.06615
1.06770
1.06923
1.07074
1.07224
1.07372
1.07519
1.07663
1.07806
1.07948
1.08088
1.08226
1.08362
1.08496
1.08629
1.08759
1.08888
1.09015
1.09140
1.09263
1.09384
1.09504
1.09621
1.09736
1.09849
1.09960
1.10070
1.10177
1.10282
1.10385
1.10486
1.10584
1.10681
1.10775
1.10867
1.10958
1.11045
1.11131
1.11215
1.11296
1.11375
1.11452
1.11526
1.11599
1.11669
1.11736
1.11802
1.11865
1.11926
1.11984
1.12041
1.12094
1.12146
1.12195
1.12242
1.12287
1.12329
1.12369
1.12406
1.12442
1.12474
1.12505
1.12533
1.12559
1.12582
1.12603
1.12622
1.12638
1.12652
1.12664
1.12673
1.12680
1.12685
1.12687
1.12687
1.12685
1.12680
1.12673
1.12664
1.12652
1.12638
1.12622
1.12604
1.12583
1.12560
1.12534
1.12507
1.12477
1.12445
1.12411
1.12374
1.12336
1.12295
1.12252
1.12206
1.12159
1.12110
1.12058
1.12004
1.11948
1.11890
1.11830
1.11768
1.11704
1.11638
1.11570
1.11500
1.11428
1.11354
1.11278
1.11200
1.11120
1.11038
1.10955
1.10869
1.10782
1.10693
1.10602
1.10510
1.10415
1.10319
1.10222
1.10122
1.10021
1.09918
1.09814
1.09708
1.09600
1.09491
1.09380
1.09268
1.09155
1.09039
1.08923
1.08805
1.08686
1.08565
1.08443
1.08320
1.08195
1.08069
1.07942
1.07814
1.07684
1.07553
1.07422
1.07289
1.07155
1.07020
1.06884
1.06746
1.06608
1.06469
1.06330
1.06189
1.06047
1.05905
1.05761
1.05617
1.05472
1.05327
1.05181
1.05034
1.04886
1.04738
1.04589
1.04440
1.04290
1.04140
1.03989
1.03838
1.03686
1.03534
1.03382
1.03229
1.03076
1.02923
1.02770
1.02616
1.02462
1.02308
1.02154
1.02000
1.01845
1.01691
1.01537
1.01382
1.01228
1.01074
1.00920
1.00766
1.00612
1.00458
1.00305
1.00152
0.99999
0.99846
0.99694
0.99542
0.99390
0.99239
0.99089
0.98938
0.98789
0.98639
0.98491
0.98343
0.98195
0.98048
0.97902
0.97756
0.97611
0.97467
0.97324
0.97181
0.97039
0.96898
0.96758
0.96618
0.96480
0.96343
0.96206
0.96070
0.95936
0.95802
0.95669
0.95538
0.95407
0.95278
0.95150
0.95023
0.94897
0.94772
0.94648
0.94526
0.94405
0.94285
0.94166
0.94049
0.93933
0.93819
0.93705
0.93593
0.93483
0.93374
0.93266
0.93160
0.93055
0.92952
0.92850
0.92750
0.92651
0.92554
0.92459
0.92365
0.92272
0.92181
0.92092
0.92004
0.91918
0.91834
0.91751
0.91670
0.91591
0.91514
0.91438
0.91363
0.91291
0.91220
0.91151
0.91084
0.91019
0.90955
0.90893
0.90833
0.90775
0.90718
0.90664
0.90611
0.90560
0.90511
0.90463
0.90418
0.90374
0.90332
0.90292
0.90254
0.90218
0.90184
0.90151
0.90120
0.90092
0.90065
0.90040
0.90017
0.89995
0.89976
0.89959
0.89943
0.89929
0.89917
0.89907
0.89899
0.89893
0.89889
0.89886
0.89886
0.89887
0.89890
0.89895
0.89902
0.89910
0.89921
0.89933
0.89947
0.89963
0.89981
0.90000
0.90021
0.90044
0.90069
0.90096
0.90124
0.90155
0.90187
0.90220
0.90256
0.90293
0.90332
0.90372
0.90414
0.90458
0.90504
0.90551
0.90600
0.90650
0.90703
0.90756
0.90812
0.90868
0.90927
0.90987
0.91048
0.91111
0.91176
0.91242
0.91310
0.91379
0.91449
0.91521
0.91594
0.91669
0.91745
0.91823
0.91901
0.91981
0.92063
0.92146
0.92230
0.92315
0.92402
0.92489
0.92578
0.92668
0.92760
0.92852
0.92946
0.93041
0.93136
0.93233
0.93331
0.93430
0.93530
0.93631
0.93733
0.93836
0.93940
0.94045
0.94150
0.94257
0.94364
0.94472
0.94581
0.94691
0.94802
0.94913
0.95025
0.95138
0.95251
0.95365
0.95479
0.95595
0.95711
0.95827
0.95944
0.96061
0.96179
0.96298
0.96416
0.96536
0.96655
0.96775
0.96896
0.97017
0.97138
0.97259
0.97381
0.97503
0.97625
0.97747
0.97869
0.97992
0.98115
0.98238
0.98360
0.98483
0.98607
0.98730
0.98853
0.98976
0.99099
0.99221
0.99344
0.99467
0.99589
0.99712
0.99834
0.99956
1.00078
1.00199
1.00320
1.00441
1.00562
1.00682
1.00802
1.00922
1.01041
1.01159
1.01278
1.01396
1.01513
1.01630
1.01746
1.01862
1.01977
1.02091
1.02205
1.02319
1.02431
1.02543
1.02655
1.02765
1.02875
1.02984
1.03093
1.03200
1.03307
1.03413
1.03519
1.03623
1.03726
1.03829
1.03931
1.04031
1.04131
1.04230
1.04328
1.04425
1.04521
1.04616
1.04710
1.04802
1.04894
1.04985
1.05074
1.05163
1.05250
1.05336
1.05421
1.05505
1.05588
1.05670
1.05750
1.05829
1.05907
1.05984
1.06059
1.06133
1.06206
1.06278
1.06348
1.06417
1.06485
1.06551
1.06616
1.06680
1.06743
1.06804
1.06863
1.06922
1.06978
1.07034
1.07088
1.07141
1.07192
1.07242
1.07290
1.07337
1.07383
1.07427
1.07470
1.07511
1.07551
1.07589
1.07626
1.07661
1.07695
1.07727
1.07758
1.07788
1.07816
1.07842
1.07867
1.07890
1.07912
1.07933
1.07952
1.07969
1.07985
1.08000
1.08013
1.08024
1.08034
1.08043
1.08050
1.08055
1.08059
1.08062
1.08063
1.08063
1.08061
1.08057
1.08053
1.08046
1.08038
1.08029
1.08018
1.08006
1.07993
1.07978
1.07961
1.07943
1.07924
1.07903
1.07881
1.07858
1.07833
1.07806
1.07779
1.07750
1.07719
1.07687
1.07654
1.07620
1.07584
1.07547
1.07508
1.07468
1.07427
1.07385
1.07341
1.07296
1.07250
1.07203
1.07154
1.07104
1.07053
1.07001
1.06948
1.06893
1.06837
1.06781
1.06723
1.06663
1.06603
1.06542
1.06479
1.06416
1.06351
1.06286
1.06219
1.06152
1.06083
1.06013
1.05943
1.05871
1.05799
1.05725
1.05651
1.05576
1.05500
1.05423
1.05345
1.05267
1.05187
1.05107
1.05026
1.04944
1.04862
1.04778
1.04694
1.04610
1.04524
1.04438
1.04352
1.04265
1.04177
1.04088
1.03999
1.03910
1.03819
1.03729
1.03637
1.03546
1.03454
1.03361
1.03268
1.03174
1.03081
1.02986
1.02892
1.02797
1.02702
1.02606
1.02510
1.02414
1.02317
1.02221
1.02124
1.02027
1.01930
1.01832
1.01735
1.01637
1.01539
1.01441
1.01343
1.01245
1.01147
1.01049
1.00951
1.00853
1.00755
1.00657
1.00559
1.00461
1.00363
1.00266
1.00168
1.00071
0.99974
0.99877
0.99780
0.99684
0.99587
0.99492
0.99396
0.99300
0.99205
0.99111
0.99016
0.98922
0.98828
0.98735
0.98642
0.98550
0.98458
0.98366
0.98275
0.98185
0.98095
0.98005
0.97916
0.97828
0.97740
0.97653
0.97566
0.97480
0.97395
0.97310
0.97226
0.97143
0.97060
0.96978
0.96896
0.96816
0.96736
0.96657
0.96579
0.96501
0.96424
0.96348
0.96273
0.96199
0.96125
0.96053
0.95981
0.95910
0.95840
0.95771
0.95703
0.95636
0.95569
0.95504
0.95440
0.95376
0.95314
0.95252
0.95192
0.95132
0.95074
0.95016
0.94960
0.94904
0.94850
0.94797
0.94744
0.94693
0.94643
0.94594
0.94546
0.94499
0.94454
0.94409
0.94365
0.94323
0.94282
0.94241
0.94202
0.94165
0.94128
0.94092
0.94058
0.94025
0.93992
0.93961
0.93932
0.93903
0.93876
0.93849
0.93824
0.93800
0.93778
0.93756
0.93736
0.93717
0.93699
0.93682
0.93666
0.93652
0.93639
0.93627
0.93616
0.93606
0.93598
0.93591
0.93585
0.93580
0.93576
0.93574
0.93572
0.93572
0.93573
0.93576
0.93579
0.93584
0.93589
0.93596
0.93604
0.93614
0.93624
0.93636
0.93648
0.93662
0.93677
0.93693
0.93711
0.93729
0.93748
0.93769
0.93791
0.93813
0.93837
0.93862
0.93888
0.93915
0.93944
0.93973
0.94003
0.94035
0.94067
0.94100
0.94135
0.94170
0.94206
0.94244
0.94282
0.94322
0.94362
0.94403
0.94445
0.94489
0.94533
0.94578
0.94624
0.94670
0.94718
0.94767
0.94816
0.94867
0.94918
0.94970
0.95022
0.95076
0.95130
0.95186
0.95242
0.95298
0.95356
0.95414
0.95473
0.95533
0.95593
0.95654
0.95716
0.95778
0.95841
0.95905
0.95970
0.96034
0.96100
0.96166
0.96233
0.96300
0.96368
0.96436
0.96505
0.96575
0.96644
0.96715
0.96786
0.96857
0.96929
0.97001
0.97073
0.97146
0.97220
0.97293
0.97367
0.97442
0.97517
0.97592
0.97667
0.97742
0.97818
0.97894
0.97971
0.98047
0.98124
0.98201
0.98278
0.98356
0.98433
0.98511
0.98589
0.98666
0.98744
0.98822
0.98900
0.98979
0.99057
0.99135
0.99213
0.99291
0.99369
0.99448
0.99526
0.99604
0.99682
0.99759
0.99837
0.99915
0.99992
1.00070
1.00147
1.00224
1.00301
1.00377
1.00454
1.00530
1.00606
1.00681
1.00757
1.00832
1.00906
1.00981
1.01055
1.01129
1.01202
1.01275
1.01348
1.01420
1.01492
1.01564
1.01635
1.01706
1.01776
1.01845
1.01915
1.01983
1.02052
1.02119
1.02187
1.02253
1.02320
1.02385
1.02450
1.02515
1.02579
1.02642
1.02705
1.02767
1.02828
1.02889
1.02949
1.03008
1.03067
1.03125
1.03183
1.03240
1.03296
1.03351
1.03406
1.03459
1.03513
1.03565
1.03617
1.03667
1.03718
1.03767
1.03815
1.03863
1.03910
1.03956
1.04001
1.04046
1.04090
1.04132
1.04174
1.04215
1.04256
1.04295
1.04334
1.04371
1.04408
1.04444
1.04479
1.04513
1.04547
1.04579
1.04610
1.04641
1.04671
1.04699
1.04727
1.04754
1.04780
1.04805
1.04829
1.04852
1.04874
1.04896
1.04916
1.04935
1.04954
1.04971
1.04988
1.05003
1.05018
1.05032
1.05045
1.05056
1.05067
1.05077
1.05086
1.05094
1.05101
1.05107
1.05113
1.05117
1.05120
1.05122
1.05124
1.05124
1.05124
1.05122
1.05120
1.05116
1.05112
1.05107
1.05101
1.05094
1.05086
1.05077
1.05067
1.05057
1.05045
1.05032
1.05019
1.05005
1.04989
1.04973
1.04956
1.04939
1.04920
1.04900
1.04880
1.04859
1.04836
1.04813
1.04790
1.04765
1.04739
1.04713
1.04686
1.04658
1.04629
1.04600
1.04569
1.04538
1.04507
1.04474
1.04441
1.04406
1.04371
1.04336
1.04300
1.04262
1.04225
1.04186
1.04147
1.04107
1.04067
1.04025
1.03984
1.03941
1.03898
1.03854
1.03810
1.03765
1.03719
1.03673
1.03626
1.03579
1.03531
1.03482
1.03433
1.03384
1.03334
1.03283
1.03232
1.03180
1.03128
1.03076
1.03023
1.02969
1.02915
1.02861
1.02806
1.02751
1.02696
1.02640
1.02583
1.02527
1.02470
1.02412
1.02354
1.02296
1.02238
1.02179
1.02120
1.02061
1.02002
1.01942
1.01882
1.01822
1.01762
1.01701
1.01640
1.01579
1.01518
1.01457
1.01395
1.01334
1.01272
1.01210
1.01148
1.01086
1.01024
1.00962
1.00900
1.00837
1.00775
1.00713
1.00650
1.00588
1.00526
1.00463
1.00401
1.00339
1.00277
1.00215
1.00153
1.00091
1.00029
0.99967
0.99906
0.99844
0.99783
0.99722
0.99661
0.99600
0.99540
0.99479
0.99419
0.99359
0.99299
0.99240
0.99181
0.99122
0.99063
0.99005
0.98947
0.98889
0.98831
0.98774
0.98718
0.98661
0.98605
0.98549
0.98494
0.98439
0.98384
0.98330
0.98277
0.98223
0.98170
0.98118
0.98066
0.98014
0.97963
0.97913
0.97862
0.97813
0.97764
0.97715
0.97667
0.97619
0.97572
0.97526
0.97480
0.97434
0.97389
0.97345
0.97301
0.97258
0.97215
0.97173
0.97132
0.97091
0.97051
0.97012
0.96973
0.96934
0.96897
0.96860
0.96823
0.96788
0.96753
0.96718
0.96685
0.96651
0.96619
0.96587
0.96556
0.96526
0.96497
0.96468
0.96440
0.96412
0.96385
0.96359
0.96334
0.96309
0.96285
0.96262
0.96240
0.96218
0.96197
0.96177
0.96157
0.96139
0.96121
0.96103
0.96087
0.96071
0.96056
0.96042
0.96029
0.96016
0.96004
0.95993
0.95982
0.95972
0.95964
0.95955
0.95948
0.95941
0.95935
0.95930
0.95926
0.95922
0.95919
0.95917
0.95916
0.95915
0.95915
0.95916
0.95918
0.95920
0.95923
0.95927
0.95932
0.95937
0.95943
0.95950
0.95958
0.95966
0.95975
0.95984
0.95995
0.96006
0.96018
0.96030
0.96044
0.96058
0.96072
0.96088
0.96104
0.96120
0.96138
0.96156
0.96175
0.96194
0.96214
0.96235
0.96256
0.96278
0.96301
0.96324
0.96348
0.96373
0.96398
0.96424
0.96450
0.96477
0.96505
0.96533
0.96562
0.96591
0.96621
0.96651
0.96682
0.96714
0.96746
0.96779
0.96812
0.96846
0.96880
0.96915
0.96950
0.96985
0.97022
0.97058
0.97095
0.97133
0.97171
0.97210
0.97248
0.97288
0.97328
0.97368
0.97408
0.97449
0.97491
0.97533
0.97575
0.97617
0.97660
0.97703
0.97747
0.97791
0.97835
0.97879
0.97924
0.97969
0.98014
0.98060
0.98106
0.98152
0.98199
0.98245
0.98292
0.98339
0.98387
0.98434
0.98482
0.98530
0.98578
0.98626
0.98675
0.98723
0.98772
0.98821
0.98870
0.98919
0.98968
0.99017
0.99067
0.99116
0.99165
0.99215
0.99265
0.99314
0.99364
0.99414
0.99463
0.99513
0.99563
0.99612
0.99662
0.99712
0.99761
0.99811
0.99860
0.99909
0.99959
1.00008
1.00057
1.00106
1.00155
1.00204
1.00252
1.00301
1.00349
1.00397
1.00445
1.00493
1.00541
1.00588
1.00636
1.00683
1.00730
1.00776
1.00823
1.00869
1.00915
1.00960
1.01006
1.01051
1.01096
1.01140
1.01184
1.01228
1.01272
1.01315
1.01358
1.01401
1.01443
1.01485
1.01527
1.01568
1.01609
1.01649
1.01689
1.01729
1.01768
1.01807
1.01846
1.01884
1.01922
1.01959
1.01996
1.02032
1.02068
1.02104
1.02139
1.02173
1.02207
1.02241
1.02274
1.02307
1.02339
1.02371
1.02402
1.02433
1.02463
1.02493
1.02522
1.02550
1.02579
1.02606
1.02633
1.02660
1.02686
1.02711
1.02736
1.02760
1.02784
1.02807
1.02830
1.02852
1.02874
1.02895
1.02915
1.02935
1.02954
1.02973
1.02991
1.03009
1.03025
1.03042
1.03058
1.03073
1.03087
1.03101
1.03115
1.03127
1.03140
1.03151
1.03162
1.03172
1.03182
1.03191
1.03200
1.03208
1.03215
1.03222
1.03228
1.03234
1.03239
1.03243
1.03247
1.03250
1.03252
1.03254
1.03256
1.03256
1.03256
1.03256
1.03255
1.03253
1.03251
1.03248
1.03245
1.03241
1.03236
1.03231
1.03225
1.03219
1.03212
1.03204
1.03196
1.03187
1.03178
1.03168
1.03158
1.03147
1.03135
1.03123
1.03111
1.03098
1.03084
1.03070
1.03055
1.03040
1.03024
1.03008
1.02991
1.02973
1.02955
1.02937
1.02918
1.02899
1.02879
1.02859
1.02838
1.02816
1.02795
1.02772
1.02749
1.02726
1.02703
1.02678
1.02654
1.02629
1.02603
1.02578
1.02551
1.02525
1.02497
1.02470
1.02442
1.02414
1.02385
1.02356
1.02326
1.02297
1.02266
1.02236
1.02205
1.02174
1.02142
1.02110
1.02078
1.02045
1.02013
1.01979
1.01946
1.01912
1.01878
1.01844
1.01809
1.01774
1.01739
1.01704
1.01668
1.01632
1.01596
1.01560
1.01523
1.01487
1.01450
1.01413
1.01375
1.01338
1.01300
1.01262
1.01224
1.01186
1.01148
1.01109
1.01071
1.01032
1.00993
1.00955
1.00916
1.00876
1.00837
1.00798
1.00759
1.00719
1.00680
1.00640
1.00601
1.00561
1.00522
1.00482
1.00443
1.00403
1.00363
1.00324
1.00284
1.00245
1.00205
1.00166
1.00126
1.00087
1.00047
1.00008
0.99969
0.99930
0.99891
0.99852
0.99813
0.99774
0.99736
0.99697
0.99659
0.99621
0.99583
0.99545
0.99507
0.99470
0.99432
0.99395
0.99358
0.99321
0.99284
0.99248
0.99212
0.99176
0.99140
0.99104
0.99069
0.99034
0.98999
0.98964
0.98930
0.98896
0.98862
0.98828
0.98795
0.98762
0.98730
0.98697
0.98665
0.98633
0.98602
0.98571
0.98540
0.98509
0.98479
0.98449
0.98420
0.98391
0.98362
0.98333
0.98305
0.98278
0.98250
0.98223
0.98197
0.98171
0.98145
0.98119
0.98094
0.98070
0.98045
0.98022
0.97998
0.97975
0.97953
0.97931
0.97909
0.97887
0.97867
0.97846
0.97826
0.97807
0.97787
0.97769
0.97750
0.97733
0.97715
0.97698
0.97682
0.97666
0.97650
0.97635
0.97621
0.97607
0.97593
0.97580
0.97567
0.97555
0.97543
0.97532
0.97521
0.97511
0.97501
0.97491
0.97482
0.97474
0.97466
0.97459
0.97452
0.97445
0.97439
0.97433
0.97428
0.97424
0.97420
0.97416
0.97413
0.97410
0.97408
0.97406
0.97405
0.97404
0.97404
0.97404
0.97405
0.97406
0.97408
0.97410
0.97412
0.97415
0.97419
0.97423
0.97427
0.97432
0.97438
0.97444
0.97450
0.97457
0.97464
0.97471
0.97479
0.97488
0.97497
0.97506
0.97516
0.97527
0.97537
0.97549
0.97560
0.97572
0.97585
0.97598
0.97611
0.97625
0.97639
0.97653
0.97668
0.97683
0.97699
0.97715
0.97732
0.97749
0.97766
0.97783
0.97801
0.97820
0.97839
0.97858
0.97877
0.97897
0.97917
0.97938
0.97958
0.97980
0.98001
0.98023
0.98045
0.98067
0.98090
0.98113
0.98137
0.98160
0.98184
0.98209
0.98233
0.98258
0.98283
0.98308
0.98334
0.98360
0.98386
0.98412
0.98439
0.98466
0.98493
0.98520
0.98548
0.98575
0.98603
0.98631
0.98660
0.98688
0.98717
0.98746
0.98775
0.98804
0.98833
0.98863
0.98893
0.98923
0.98952
0.98983
0.99013
0.99043
0.99074
0.99104
0.99135
0.99166
0.99197
0.99228
0.99259
0.99290
0.99321
0.99352
0.99384
0.99415
0.99446
0.99478
0.99509
0.99541
0.99572
0.99604
0.99636
0.99667
0.99699
0.99730
0.99762
0.99793
0.99825
0.99856
0.99888
0.99919
0.99951
0.99982
1.00013
1.00044
1.00076
1.00107
1.00138
1.00168
1.00199
1.00230
1.00261
1.00291
1.00321
1.00352
1.00382
1.00412
1.00442
1.00471
1.00501
1.00530
1.00560
1.00589
1.00618
1.00647
1.00675
1.00704
1.00732
1.00760
1.00788
1.00816
1.00843
1.00870
1.00897
1.00924
1.00951
1.00977
1.01003
1.01029
1.01055
1.01080
1.01105
1.01130
1.01155
1.01179
1.01204
1.01227
1.01251
1.01274
1.01297
1.01320
1.01343
1.01365
1.01387
1.01408
1.01430
1.01451
1.01471
1.01492
1.01512
1.01532
1.01551
1.01570
1.01589
1.01607
1.01625
1.01643
1.01661
1.01678
1.01695
1.01711
1.01727
1.01743
1.01758
1.01773
1.01788
1.01802
1.01816
1.01830
1.01843
1.01856
1.01868
1.01881
1.01892
1.01904
1.01915
1.01925
1.01936
1.01946
1.01955
1.01964
1.01973
1.01982
1.01990
1.01997
1.02004
1.02011
1.02018
1.02024
1.02030
1.02035
1.02040
1.02044
1.02049
1.02052
1.02056
1.02059
1.02062
1.02064
1.02066
1.02067
1.02068
1.02069
1.02069
1.02069
1.02069
1.02068
1.02067
1.02066
1.02064
1.02061
1.02059
1.02056
1.02052
1.02048
1.02044
1.02040
1.02035
1.02030
1.02024
1.02018
1.02012
1.02005
1.01998
1.01991
1.01983
1.01975
1.01966
1.01958
1.01948
1.01939
1.01929
1.01919
1.01909
1.01898
1.01887
1.01875
1.01863
1.01851
1.01839
1.01826
1.01813
1.01800
1.01786
1.01772
1.01758
1.01743
1.01729
1.01714
1.01698
1.01682
1.01666
1.01650
1.01634
1.01617
1.01600
1.01583
1.01565
1.01547
1.01529
1.01511
1.01492
1.01474
1.01455
1.01435
1.01416
1.01396
1.01376
1.01356
1.01336
1.01315
1.01294
1.01273
1.01252
1.01231
1.01210
1.01188
1.01166
1.01144
1.01122
1.01099
1.01077
1.01054
1.01031
1.01008
1.00985
1.00962
1.00939
1.00915
1.00892
1.00868
1.00844
1.00820
1.00796
1.00772
1.00747
1.00723
1.00699
1.00674
1.00650
1.00625
1.00600
1.00575
1.00550
1.00526
1.00501
1.00476
1.00451
1.00426
1.00400
1.00375
1.00350
1.00325
1.00300
1.00275
1.00249
1.00224
1.00199
1.00174
1.00149
1.00124
1.00099
1.00074
1.00049
1.00024
0.99999
0.99974
0.99949
0.99924
0.99899
0.99875
0.99850
0.99826
0.99801
0.99777
0.99753
0.99729
0.99704
0.99681
0.99657
0.99633
0.99609
0.99586
0.99562
0.99539
0.99516
0.99493
0.99470
0.99447
0.99425
0.99402
0.99380
0.99358
0.99336
0.99314
0.99293
0.99271
0.99250
0.99229
0.99208
0.99187
0.99167
0.99146
0.99126
0.99106
0.99086
0.99067
0.99048
0.99028
0.99010
0.98991
0.98972
0.98954
0.98936
0.98918
0.98901
0.98884
0.98866
0.98850
0.98833
0.98817
0.98801
0.98785
0.98769
0.98754
0.98739
0.98724
0.98709
0.98695
0.98681
0.98667
0.98654
0.98641
0.98628
0.98615
0.98603
0.98591
0.98579
0.98567
0.98556
0.98545
0.98535
0.98524
0.98514
0.98504
0.98495
0.98486
0.98477
0.98468
0.98460
0.98452
0.98444
0.98437
0.98430
0.98423
0.98416
0.98410
0.98404
0.98399
0.98393
0.98388
0.98384
0.98379
0.98375
0.98371
0.98368
0.98365
0.98362
0.98360
0.98357
0.98355
0.98354
0.98352
0.98351
0.98351
0.98350
0.98350
0.98350
0.98351
0.98352
0.98353
0.98354
0.98356
0.98358
0.98360
0.98363
0.98366
0.98369
0.98373
0.98376
0.98380
0.98385
0.98389
0.98394
0.98400
0.98405
0.98411
0.98417
0.98423
0.98430
0.98437
0.98444
0.98451
0.98459
0.98467
0.98475
0.98484
0.98493
0.98502
0.98511
0.98521
0.98530
0.98540
0.98551
0.98561
0.98572
0.98583
0.98594
0.98606
0.98618
0.98630
0.98642
0.98654
0.98667
0.98680
0.98693
0.98706
0.98720
0.98733
0.98747
0.98761
0.98776
0.98790
0.98805
0.98820
0.98835
0.98850
0.98866
0.98881
0.98897
0.98913
0.98929
0.98945
0.98962
0.98979
0.98995
0.99012
0.99029
0.99047
0.99064
0.99082
0.99099
0.99117
0.99135
0.99153
0.99171
0.99189
0.99208
0.99226
0.99245
0.99264
0.99282
0.99301
0.99320
0.99339
0.99358
0.99378
0.99397
0.99416
0.99436
0.99455
0.99475
0.99495
0.99514
0.99534
0.99554
0.99574
0.99594
0.99613
0.99633
0.99653
0.99673
0.99693
0.99713
0.99734
0.99754
0.99774
0.99794
0.99814
0.99834
0.99854
0.99874
0.99894
0.99914
0.99934
0.99954
0.99974
0.99994
1.00014
1.00033
1.00053
1.00073
1.00093
1.00112
1.00132
1.00151
1.00171
1.00190
1.00209
1.00229
1.00248
1.00267
1.00286
1.00305
1.00323
1.00342
1.00361
1.00379
1.00397
1.00416
1.00434
1.00452
1.00470
1.00488
1.00505
1.00523
1.00540
1.00558
1.00575
1.00592
1.00609
1.00625
1.00642
1.00658
1.00675
1.00691
1.00707
1.00722
1.00738
1.00754
1.00769
1.00784
1.00799
1.00814
1.00828
1.00843
1.00857
1.00871
1.00885
1.00899
1.00912
1.00925
1.00938
1.00951
1.00964
1.00977
1.00989
1.01001
1.01013
1.01025
1.01036
1.01047
1.01058
1.01069
1.01080
1.01090
1.01100
1.01110
1.01120
1.01129
1.01139
1.01148
1.01157
1.01165
1.01173
1.01182
1.01189
1.01197
1.01205
1.01212
1.01219
1.01225
1.01232
1.01238
1.01244
1.01250
1.01255
1.01261
1.01266
1.01270
1.01275
1.01279
1.01283
1.01287
1.01291
1.01294
1.01297
1.01300
1.01303
1.01305
1.01307
1.01309
1.01311
1.01312
1.01313
1.01314
1.01315
1.01315
1.01315
1.01315
1.01315
1.01314
1.01313
1.01312
1.01311
1.01310
1.01308
1.01306
1.01304
1.01301
1.01298
1.01295
1.01292
1.01289
1.01285
1.01281
1.01277
1.01273
1.01269
1.01264
1.01259
1.01254
1.01248
1.01243
1.01237
1.01231
1.01224
1.01218
1.01211
1.01204
1.01197
1.01190
1.01182
1.01174
1.01167
1.01158
1.01150
1.01142
1.01133
1.01124
1.01115
1.01106
1.01096
1.01086
1.01077
1.01067
1.01056
1.01046
1.01035
1.01025
1.01014
1.01003
1.00992
1.00980
1.00969
1.00957
1.00945
1.00933
1.00921
1.00909
1.00896
1.00884
1.00871
1.00858
1.00845
1.00832
1.00819
1.00806
1.00792
1.00779
1.00765
1.00751
1.00737
1.00723
1.00709
1.00695
1.00681
1.00666
1.00652
1.00637
1.00622
1.00607
1.00593
1.00578
1.00563
1.00548
1.00532
1.00517
1.00502
1.00486
1.00471
1.00455
1.00440
1.00424
1.00409
1.00393
1.00377
1.00361
1.00346
1.00330
1.00314
1.00298
1.00282
1.00266
1.00250
1.00234
1.00218
1.00202
1.00186
1.00170
1.00154
1.00138
1.00122
1.00106
1.00090
1.00074
1.00059
1.00043
1.00027
1.00011
0.99995
0.99979
0.99963
0.99948
0.99932
0.99916
0.99901
0.99885
0.99870
0.99854
0.99839
0.99823
0.99808
0.99793
0.99778
0.99763
0.99748
0.99733
0.99718
0.99703
0.99689
0.99674
0.99659
0.99645
0.99631
0.99617
0.99602
0.99588
0.99574
0.99561
0.99547
0.99533
0.99520
0.99506
0.99493
0.99480
0.99467
0.99454
0.99441
0.99429
0.99416
0.99404
0.99392
0.99379
0.99367
0.99356
0.99344
0.99332
0.99321
0.99310
0.99299
0.99288
0.99277
0.99266
0.99256
0.99245
0.99235
0.99225
0.99215
0.99206
0.99196
0.99187
0.99177
0.99168
0.99160
0.99151
0.99142
0.99134
0.99126
0.99118
0.99110
0.99102
0.99095
0.99088
0.99081
0.99074
0.99067
0.99060
0.99054
0.99048
0.99042
0.99036
0.99031
0.99025
0.99020
0.99015
0.99010
0.99005
0.99001
0.98997
0.98993
0.98989
0.98985
0.98981
0.98978
0.98975
0.98972
0.98969
0.98967
0.98964
0.98962
0.98960
0.98959
0.98957
0.98956
0.98955
0.98954
0.98953
0.98952
0.98952
0.98952
0.98952
0.98952
0.98952
0.98953
0.98953
0.98954
0.98956
0.98957
0.98958
0.98960
0.98962
0.98964
0.98966
0.98969
0.98971
0.98974
0.98977
0.98980
0.98984
0.98987
0.98991
0.98995
0.98999
0.99003
0.99008
0.99012
0.99017
0.99022
0.99027
0.99033
0.99038
0.99044
0.99049
0.99055
0.99061
0.99068
0.99074
0.99081
0.99087
0.99094
0.99101
0.99109
0.99116
0.99123
0.99131
0.99139
0.99147
0.99155
0.99163
0.99171
0.99180
0.99189
0.99197
0.99206
0.99215
0.99224
0.99234
0.99243
0.99252
0.99262
0.99272
0.99282
0.99292
0.99302
0.99312
0.99322
0.99333
0.99343
0.99354
0.99364
0.99375
0.99386
0.99397
0.99408
0.99419
0.99430
0.99442
0.99453
0.99465
0.99476
0.99488
0.99500
0.99511
0.99523
0.99535
0.99547
0.99559
0.99571
0.99583
0.99595
0.99608
0.99620
0.99632
0.99645
0.99657
0.99670
0.99682
0.99695
0.99707
0.99720
0.99732
0.99745
0.99758
0.99770
0.99783
0.99796
0.99809
0.99821
0.99834
0.99847
0.99859
0.99872
0.99885
0.99898
0.99910
0.99923
0.99936
0.99949
0.99961
0.99974
0.99987
0.99999
1.00012
1.00025
1.00037
1.00050
1.00062
1.00075
1.00087
1.00099
1.00112
1.00124
1.00136
1.00148
1.00161
1.00173
1.00185
1.00197
1.00209
1.00220
1.00232
1.00244
1.00256
1.00267
1.00279
1.00290
1.00302
1.00313
1.00324
1.00335
1.00346
1.00357
1.00368
1.00379
1.00390
1.00400
1.00411
1.00421
1.00431
1.00442
1.00452
1.00462
1.00472
1.00481
1.00491
1.00501
1.00510
1.00520
1.00529
1.00538
1.00547
1.00556
1.00565
1.00573
1.00582
1.00590
1.00599
1.00607
1.00615
1.00623
1.00630
1.00638
1.00646
1.00653
1.00660
1.00667
1.00674
1.00681
1.00688
1.00694
1.00701
1.00707
1.00713
1.00719
1.00725
1.00731
1.00736
1.00742
1.00747
1.00752
1.00757
1.00762
1.00767
1.00771
1.00776
1.00780
1.00784
1.00788
1.00792
1.00795
1.00799
1.00802
1.00805
1.00808
1.00811
1.00814
1.00816
1.00819
1.00821
1.00823
1.00825
1.00827
1.00828
1.00830
1.00831
1.00832
1.00833
1.00834
1.00835
1.00835
1.00836
1.00836
1.00836
1.00836
1.00835
1.00835
1.00835
1.00834
1.00833
1.00832
1.00831
1.00829
1.00828
1.00826
1.00825
1.00823
1.00821
1.00819
1.00816
1.00814
1.00811
1.00808
1.00805
1.00802
1.00799
1.00796
1.00792
1.00789
1.00785
1.00781
1.00777
1.00773
1.00769
1.00764
1.00760
1.00755
1.00750
1.00745
1.00740
1.00735
1.00729
1.00724
1.00718
1.00713
1.00707
1.00701
1.00695
1.00689
1.00683
1.00676
1.00670
1.00663
1.00656
1.00649
1.00643
1.00635
1.00628
1.00621
1.00614
1.00606
1.00599
1.00591
1.00583
1.00576
1.00568
1.00560
1.00552
1.00543
1.00535
1.00527
1.00518
1.00510
1.00501
1.00493
1.00484
1.00475
1.00466
1.00457
1.00448
1.00439
1.00430
1.00421
1.00412
1.00402
1.00393
1.00384
1.00374
1.00365
1.00355
1.00345
1.00336
1.00326
1.00316
1.00307
1.00297
1.00287
1.00277
1.00267
1.00257
1.00247
1.00237
1.00227
1.00217
1.00207
1.00197
1.00187
1.00177
1.00167
1.00156
1.00146
1.00136
1.00126
1.00116
1.00106
1.00095
1.00085
1.00075
1.00065
1.00055
1.00045
1.00035
