0.00000
0.00000
0.00018
0.00053
0.00107
0.00178
0.00266
0.00372
0.00496
0.00637
0.00795
0.00970
0.01162
0.01371
0.01597
0.01840
0.02100
0.02376
0.02668
0.02977
0.03302
0.03644
0.04001
0.04374
0.04763
0.05167
0.05587
0.06023
0.06473
0.06939
0.07420
0.07915
0.08426
0.08950
0.09490
0.10043
0.10611
0.11192
0.11787
0.12396
0.13019
0.13654
0.14303
0.14965
0.15640
0.16327
0.17027
0.17739
0.18464
0.19200
0.19948
0.20708
0.21479
0.22262
0.23055
0.23860
0.24675
0.25501
0.26337
0.27183
0.28040
0.28906
0.29782
0.30667
0.31561
0.32464
0.33376
0.34297
0.35226
0.36164
0.37109
0.38063
0.39024
0.39992
0.40968
0.41950
0.42940
0.43936
0.44938
0.45947
0.46962
0.47982
0.49009
0.50040
0.51077
0.52119
0.53165
0.54217
0.55272
0.56332
0.57395
0.58463
0.59534
0.60608
0.61685
0.62766
0.63849
0.64934
0.66022
0.67112
0.68204
0.69298
0.70393
0.71489
0.72587
0.73685
0.74784
0.75884
0.76984
0.78084
0.79183
0.80283
0.81382
0.82480
0.83578
0.84674
0.85769
0.86862
0.87954
0.89044
0.90132
0.91218
0.92301
0.93381
0.94459
0.95534
0.96605
0.97674
0.98738
0.99799
1.00856
1.01909
1.02958
1.04002
1.05042
1.06076
1.07106
1.08131
1.09151
1.10165
1.11173
1.12176
1.13173
1.14163
1.15148
1.16126
1.17097
1.18062
1.19019
1.19970
1.20914
1.21850
1.22779
1.23700
1.24614
1.25520
1.26417
1.27307
1.28188
1.29061
1.29925
1.30781
1.31628
1.32466
1.33295
1.34114
1.34925
1.35726
1.36518
1.37300
1.38072
1.38835
1.39588
1.40330
1.41063
1.41785
1.42497
1.43199
1.43890
1.44570
1.45240
1.45900
1.46548
1.47185
1.47812
1.48427
1.49032
1.49625
1.50207
1.50777
1.51336
1.51884
1.52420
1.52945
1.53458
1.53959
1.54449
1.54926
1.55392
1.55847
1.56289
1.56719
1.57138
1.57544
1.57938
1.58321
1.58691
1.59049
1.59395
1.59729
1.60050
1.60360
1.60657
1.60942
1.61215
1.61476
1.61724
1.61960
1.62184
1.62396
1.62595
1.62783
1.62958
1.63120
1.63271
1.63410
1.63536
1.63651
1.63753
1.63843
1.63921
1.63987
1.64041
1.64083
1.64113
1.64132
1.64138
1.64133
1.64116
1.64087
1.64047
1.63995
1.63931
1.63856
1.63769
1.63671
1.63562
1.63441
1.63309
1.63166
1.63012
1.62847
1.62671
1.62484
1.62286
1.62078
1.61859
1.61629
1.61389
1.61138
1.60877
1.60606
1.60324
1.60033
1.59731
1.59420
1.59099
1.58768
1.58427
1.58077
1.57718
1.57349
1.56971
1.56584
1.56187
1.55782
1.55368
1.54946
1.54514
1.54075
1.53626
1.53170
1.52705
1.52233
1.51752
1.51264
1.50768
1.50264
1.49753
1.49235
1.48709
1.48176
1.47636
1.47090
1.46537
1.45977
1.45410
1.44837
1.44258
1.43673
1.43082
1.42485
1.41883
1.41274
1.40661
1.40042
1.39418
1.38788
1.38154
1.37515
1.36871
1.36223
1.35571
1.34914
1.34253
1.33588
1.32919
1.32247
1.31571
1.30891
1.30208
1.29522
1.28833
1.28141
1.27446
1.26749
1.26049
1.25347
1.24642
1.23936
1.23227
1.22517
1.21805
1.21091
1.20376
1.19660
1.18943
1.18224
1.17505
1.16785
1.16064
1.15343
1.14622
1.13900
1.13179
1.12457
1.11735
1.11014
1.10294
1.09574
1.08854
1.08136
1.07418
1.06701
1.05986
1.05272
1.04560
1.03849
1.03140
1.02432
1.01727
1.01024
1.00323
0.99624
0.98928
0.98234
0.97543
0.96855
0.96169
0.95487
0.94808
0.94132
0.93459
0.92790
0.92124
0.91463
0.90805
0.90150
0.89500
0.88854
0.88212
0.87575
0.86942
0.86313
0.85689
0.85070
0.84456
0.83846
0.83242
0.82642
0.82048
0.81459
0.80875
0.80297
0.79724
0.79157
0.78596
0.78041
0.77491
0.76947
0.76409
0.75878
0.75352
0.74833
0.74320
0.73814
0.73314
0.72820
0.72333
0.71853
0.71380
0.70913
0.70453
0.70000
0.69554
0.69115
0.68683
0.68258
0.67841
0.67430
0.67027
0.66631
0.66243
0.65862
0.65488
0.65122
0.64764
0.64413
0.64070
0.63734
0.63406
0.63086
0.62774
0.62469
0.62172
0.61883
0.61602
0.61329
0.61064
0.60806
0.60557
0.60315
0.60082
0.59856
0.59639
0.59430
0.59228
0.59035
0.58849
0.58672
0.58503
0.58342
0.58189
0.58043
0.57906
0.57778
0.57657
0.57544
0.57439
0.57342
0.57253
0.57173
0.57100
0.57035
0.56978
0.56929
0.56888
0.56855
0.56830
0.56813
0.56803
0.56801
0.56808
0.56821
0.56843
0.56872
0.56909
0.56954
0.57006
0.57065
0.57133
0.57207
0.57289
0.57379
0.57476
0.57580
0.57691
0.57810
0.57936
0.58069
0.58209
0.58356
0.58510
0.58671
0.58839
0.59014
0.59195
0.59383
0.59578
0.59779
0.59987
0.60202
0.60422
0.60650
0.60883
0.61123
0.61368
0.61620
0.61878
0.62142
0.62412
0.62687
0.62969
0.63256
0.63548
0.63846
0.64150
0.64459
0.64773
0.65092
0.65417
0.65746
0.66081
0.66421
0.66765
0.67114
0.67468
0.67827
0.68190
0.68557
0.68929
0.69305
0.69685
0.70069
0.70458
0.70850
0.71246
0.71646
0.72050
0.72457
0.72868
0.73282
0.73699
0.74120
0.74544
0.74971
0.75401
0.75834
0.76269
0.76708
0.77149
0.77592
0.78038
0.78487
0.78937
0.79390
0.79845
0.80302
0.80761
0.81221
0.81684
0.82148
0.82613
0.83080
0.83549
0.84018
0.84489
0.84961
0.85434
0.85908
0.86383
0.86859
0.87335
0.87812
0.88289
0.88766
0.89244
0.89722
0.90201
0.90679
0.91157
0.91636
0.92114
0.92591
0.93068
0.93545
0.94022
0.94497
0.94972
0.95446
0.95919
0.96391
0.96863
0.97333
0.97801
0.98269
0.98735
0.99200
0.99663
1.00124
1.00584
1.01042
1.01498
1.01953
1.02405
1.02855
1.03303
1.03749
1.04193
1.04634
1.05072
1.05509
1.05942
1.06373
1.06802
1.07227
1.07650
1.08069
1.08486
1.08900
1.09310
1.09718
1.10122
1.10523
1.10920
1.11314
1.11705
1.12092
1.12475
1.12855
1.13231
1.13603
1.13972
1.14336
1.14697
1.15054
1.15407
1.15755
1.16100
1.16440
1.16776
1.17108
1.17435
1.17758
1.18077
1.18391
1.18701
1.19007
1.19307
1.19603
1.19895
1.20182
1.20464
1.20741
1.21014
1.21281
1.21544
1.21802
1.22056
1.22304
1.22547
1.22785
1.23019
1.23247
1.23470
1.23688
1.23901
1.24109
1.24312
1.24509
1.24702
1.24889
1.25071
1.25248
1.25419
1.25585
1.25746
1.25902
1.26052
1.26198
1.26337
1.26472
1.26601
1.26725
1.26844
1.26957
1.27065
1.27168
1.27265
1.27357
1.27444
1.27525
1.27601
1.27672
1.27737
1.27797
1.27852
1.27902
1.27946
1.27985
1.28019
1.28047
1.28071
1.28089
1.28102
1.28109
1.28112
1.28110
1.28102
1.28089
1.28071
1.28048
1.28020
1.27987
1.27950
1.27907
1.27859
1.27806
1.27748
1.27686
1.27618
1.27546
1.27469
1.27388
1.27301
1.27210
1.27115
1.27014
1.26909
1.26800
1.26686
1.26568
1.26445
1.26317
1.26186
1.26050
1.25910
1.25765
1.25617
1.25464
1.25307
1.25146
1.24981
1.24812
1.24640
1.24463
1.24282
1.24098
1.23910
1.23718
1.23522
1.23323
1.23121
1.22914
1.22705
1.22492
1.22275
1.22056
1.21833
1.21607
1.21377
1.21145
1.20910
1.20671
1.20430
1.20186
1.19939
1.19689
1.19436
1.19181
1.18923
1.18663
1.18400
1.18135
1.17867
1.17597
1.17325
1.17051
1.16774
1.16495
1.16215
1.15932
1.15647
1.15361
1.15073
1.14783
1.14491
1.14198
1.13903
1.13606
1.13309
1.13009
1.12709
1.12407
1.12104
1.11800
1.11495
1.11188
1.10881
1.10573
1.10264
1.09954
1.09643
1.09332
1.09020
1.08708
1.08395
1.08082
1.07768
1.07454
1.07140
1.06825
1.06510
1.06196
1.05881
1.05566
1.05251
1.04937
1.04622
1.04308
1.03994
1.03681
1.03368
1.03055
1.02743
1.02432
1.02121
1.01811
1.01502
1.01193
1.00885
1.00579
1.00273
0.99968
0.99664
0.99361
0.99060
0.98760
0.98461
0.98163
0.97867
0.97572
0.97278
0.96986
0.96696
0.96407
0.96120
0.95834
0.95551
0.95269
0.94989
0.94710
0.94434
0.94160
0.93888
0.93617
0.93349
0.93083
0.92819
0.92558
0.92298
0.92041
0.91787
0.91534
0.91284
0.91037
0.90792
0.90549
0.90309
0.90072
0.89837
0.89605
0.89376
0.89149
0.88925
0.88704
0.88485
0.88270
0.88057
0.87848
0.87641
0.87437
0.87236
0.87038
0.86843
0.86652
0.86463
0.86277
0.86095
0.85916
0.85740
0.85567
0.85397
0.85230
0.85067
0.84907
0.84751
0.84597
0.84447
0.84300
0.84157
0.84017
0.83880
0.83747
0.83617
0.83491
0.83368
0.83249
0.83132
0.83020
0.82911
0.82805
0.82703
0.82604
0.82509
0.82417
0.82329
0.82244
0.82163
0.82085
0.82011
0.81940
0.81873
0.81809
0.81749
0.81692
0.81639
0.81589
0.81543
0.81501
0.81461
0.81426
0.81394
0.81365
0.81340
0.81318
0.81299
0.81285
0.81273
0.81265
0.81260
0.81259
0.81261
0.81267
0.81276
0.81288
0.81304
0.81323
0.81345
0.81370
0.81399
0.81431
0.81467
0.81505
0.81547
0.81592
0.81640
0.81691
0.81746
0.81803
0.81864
0.81927
0.81994
0.82064
0.82136
0.82212
0.82291
0.82372
0.82457
0.82544
0.82634
0.82727
0.82823
0.82921
0.83023
0.83127
0.83233
0.83343
0.83455
0.83569
0.83686
0.83806
0.83928
0.84053
0.84180
0.84309
0.84441
0.84575
0.84712
0.84851
0.84992
0.85135
0.85280
0.85428
0.85578
0.85729
0.85883
0.86039
0.86197
0.86357
0.86518
0.86682
0.86847
0.87014
0.87183
0.87354
0.87526
0.87700
0.87875
0.88053
0.88231
0.88411
0.88593
0.88776
0.88960
0.89146
0.89333
0.89521
0.89711
0.89901
0.90093
0.90286
0.90480
0.90675
0.90871
0.91068
0.91266
0.91465
0.91665
0.91865
0.92066
0.92268
0.92471
0.92674
0.92878
0.93082
0.93287
0.93493
0.93699
0.93905
0.94111
0.94318
0.94526
0.94733
0.94941
0.95149
0.95357
0.95565
0.95773
0.95981
0.96190
0.96398
0.96606
0.96814
0.97021
0.97229
0.97436
0.97643
0.97850
0.98056
0.98262
0.98468
0.98673
0.98878
0.99082
0.99285
0.99488
0.99691
0.99892
1.00093
1.00293
1.00493
1.00691
1.00889
1.01086
1.01282
1.01477
1.01671
1.01864
1.02057
1.02248
1.02438
1.02626
1.02814
1.03001
1.03186
1.03370
1.03553
1.03734
1.03914
1.04093
1.04270
1.04446
1.04621
1.04794
1.04966
1.05136
1.05304
1.05471
1.05637
1.05801
1.05963
1.06123
1.06282
1.06439
1.06594
1.06748
1.06900
1.07050
1.07198
1.07345
1.07489
1.07632
1.07772
1.07911
1.08048
1.08183
1.08316
1.08447
1.08576
1.08703
1.08828
1.08951
1.09072
1.09190
1.09307
1.09422
1.09534
1.09644
1.09752
1.09858
1.09962
1.10064
1.10163
1.10261
1.10356
1.10448
1.10539
1.10627
1.10713
1.10797
1.10879
1.10958
1.11035
1.11110
1.11182
1.11252
1.11320
1.11386
1.11449
1.11510
1.11569
1.11625
1.11679
1.11731
1.11780
1.11827
1.11872
1.11914
1.11954
1.11992
1.12027
1.12061
1.12091
1.12120
1.12146
1.12170
1.12192
1.12211
1.12228
1.12243
1.12255
1.12265
1.12273
1.12279
1.12282
1.12284
1.12283
1.12279
1.12274
1.12266
1.12256
1.12244
1.12230
1.12213
1.12194
1.12173
1.12151
1.12125
1.12098
1.12069
1.12037
1.12004
1.11968
1.11931
1.11891
1.11849
1.11806
1.11760
1.11712
1.11663
1.11611
1.11558
1.11502
1.11445
1.11386
1.11325
1.11262
1.11197
1.11131
1.11062
1.10992
1.10920
1.10847
1.10771
1.10694
1.10616
1.10535
1.10453
1.10370
1.10285
1.10198
1.10110
1.10020
1.09929
1.09836
1.09741
1.09646
1.09549
1.09450
1.09350
1.09249
1.09146
1.09043
1.08937
1.08831
1.08723
1.08614
1.08504
1.08393
1.08281
1.08167
1.08053
1.07937
1.07821
1.07703
1.07584
1.07465
1.07344
1.07223
1.07100
1.06977
1.06853
1.06728
1.06603
1.06476
1.06349
1.06221
1.06093
1.05964
1.05834
1.05704
1.05573
1.05441
1.05309
1.05176
1.05043
1.04910
1.04776
1.04642
1.04507
1.04372
1.04237
1.04101
1.03965
1.03829
1.03692
1.03556
1.03419
1.03282
1.03145
1.03008
1.02871
1.02734
1.02596
1.02459
1.02322
1.02185
1.02048
1.01911
1.01774
1.01637
1.01501
1.01365
1.01229
1.01093
1.00957
1.00822
1.00687
1.00553
1.00419
1.00285
1.00152
1.00019
0.99886
0.99754
0.99623
0.99492
0.99361
0.99232
0.99102
0.98974
0.98846
0.98718
0.98592
0.98466
0.98341
0.98216
0.98092
0.97970
0.97847
0.97726
0.97606
0.97486
0.97367
0.97249
0.97132
0.97016
0.96901
0.96787
0.96674
0.96562
0.96451
0.96341
0.96232
0.96124
0.96017
0.95911
0.95806
0.95703
0.95600
0.95499
0.95399
0.95300
0.95202
0.95106
0.95011
0.94917
0.94824
0.94732
0.94642
0.94553
0.94465
0.94379
0.94294
0.94210
0.94128
0.94047
0.93967
0.93889
0.93812
0.93737
0.93663
0.93590
0.93519
0.93449
0.93380
0.93314
0.93248
0.93184
0.93121
0.93060
0.93000
0.92942
0.92886
0.92830
0.92777
0.92724
0.92674
0.92624
0.92577
0.92530
0.92486
0.92443
0.92401
0.92361
0.92322
0.92285
0.92250
0.92216
0.92183
0.92152
0.92123
0.92095
0.92068
0.92044
0.92020
0.91998
0.91978
0.91959
0.91942
0.91926
0.91912
0.91900
0.91888
0.91879
0.91871
0.91864
0.91859
0.91855
0.91853
0.91852
0.91853
0.91855
0.91859
0.91864
0.91871
0.91879
0.91889
0.91900
0.91912
0.91926
0.91941
0.91958
0.91976
0.91995
0.92016
0.92038
0.92062
0.92087
0.92113
0.92141
0.92170
0.92200
0.92231
0.92264
0.92298
0.92334
0.92370
0.92408
0.92447
0.92488
0.92529
0.92572
0.92616
0.92661
0.92708
0.92755
0.92804
0.92854
0.92905
0.92957
0.93010
0.93064
0.93119
0.93175
0.93233
0.93291
0.93350
0.93411
0.93472
0.93534
0.93598
0.93662
0.93727
0.93793
0.93860
0.93928
0.93996
0.94066
0.94136
0.94207
0.94279
0.94352
0.94425
0.94500
0.94575
0.94650
0.94727
0.94804
0.94881
0.94960
0.95039
0.95118
0.95199
0.95279
0.95361
0.95443
0.95525
0.95608
0.95692
0.95776
0.95860
0.95945
0.96031
0.96116
0.96202
0.96289
0.96376
0.96463
0.96551
0.96639
0.96727
0.96815
0.96904
0.96993
0.97082
0.97172
0.97261
0.97351
0.97441
0.97531
0.97621
0.97712
0.97802
0.97893
0.97983
0.98074
0.98165
0.98255
0.98346
0.98437
0.98527
0.98618
0.98708
0.98799
0.98889
0.98979
0.99069
0.99159
0.99249
0.99338
0.99428
0.99517
0.99606
0.99694
0.99783
0.99871
0.99959
1.00046
1.00133
1.00220
1.00307
1.00393
1.00479
1.00564
1.00649
1.00734
1.00818
1.00901
1.00985
1.01067
1.01150
1.01231
1.01313
1.01393
1.01474
1.01553
1.01632
1.01711
1.01789
1.01866
1.01943
1.02019
1.02094
1.02169
1.02243
1.02316
1.02389
1.02461
1.02533
1.02603
1.02673
1.02742
1.02811
1.02878
1.02945
1.03012
1.03077
1.03142
1.03205
1.03268
1.03330
1.03392
1.03452
1.03512
1.03571
1.03629
1.03686
1.03742
1.03797
1.03852
1.03905
1.03958
1.04010
1.04061
1.04111
1.04160
1.04208
1.04255
1.04301
1.04346
1.04391
1.04434
1.04476
1.04518
1.04558
1.04598
1.04636
1.04674
1.04710
1.04746
1.04780
1.04814
1.04847
1.04878
1.04909
1.04938
1.04967
1.04995
1.05021
1.05047
1.05071
1.05095
1.05117
1.05139
1.05160
1.05179
1.05198
1.05215
1.05232
1.05247
1.05262
1.05275
1.05288
1.05299
1.05309
1.05319
1.05327
1.05335
1.05341
1.05347
1.05351
1.05355
1.05357
1.05359
1.05359
1.05359
1.05357
1.05355
1.05352
1.05347
1.05342
1.05336
1.05329
1.05321
1.05312
1.05302
1.05291
1.05279
1.05266
1.05253
1.05238
1.05223
1.05206
1.05189
1.05171
1.05152
1.05132
1.05111
1.05090
1.05067
1.05044
1.05020
1.04995
1.04969
1.04943
1.04915
1.04887
1.04858
1.04828
1.04798
1.04766
1.04734
1.04702
1.04668
1.04634
1.04599
1.04563
1.04527
1.04490
1.04452
1.04414
1.04374
1.04335
1.04294
1.04253
1.04212
1.04169
1.04126
1.04083
1.04039
1.03994
1.03949
1.03903
1.03857
1.03810
1.03762
1.03714
1.03666
1.03617
1.03568
1.03518
1.03467
1.03417
1.03365
1.03314
1.03262
1.03209
1.03156
1.03103
1.03049
1.02995
1.02941
1.02886
1.02831
1.02776
1.02720
1.02664
1.02608
1.02551
1.02494
1.02437
1.02380
1.02322
1.02265
1.02207
1.02149
1.02090
1.02032
1.01973
1.01914
1.01855
1.01796
1.01737
1.01677
1.01618
1.01559
1.01499
1.01439
1.01380
1.01320
1.01260
1.01200
1.01140
1.01081
1.01021
1.00961
1.00901
1.00842
1.00782
1.00723
1.00663
1.00604
1.00544
1.00485
1.00426
1.00367
1.00308
1.00250
1.00191
1.00133
1.00075
1.00017
0.99959
0.99902
0.99844
0.99787
0.99731
0.99674
0.99618
0.99562
0.99506
0.99450
0.99395
0.99340
0.99286
0.99231
0.99177
0.99124
0.99071
0.99018
0.98965
0.98913
0.98861
0.98810
0.98759
0.98708
0.98658
0.98608
0.98559
0.98510
0.98462
0.98414
0.98366
0.98319
0.98272
0.98226
0.98181
0.98135
0.98091
0.98047
0.98003
0.97960
0.97917
0.97875
0.97834
0.97792
0.97752
0.97712
0.97673
0.97634
0.97596
0.97558
0.97521
0.97484
0.97448
0.97413
0.97378
0.97344
0.97311
0.97278
0.97245
0.97214
0.97183
0.97152
0.97122
0.97093
0.97064
0.97036
0.97009
0.96982
0.96956
0.96931
0.96906
0.96882
0.96859
0.96836
0.96814
0.96792
0.96771
0.96751
0.96732
0.96713
0.96695
0.96677
0.96660
0.96644
0.96628
0.96614
0.96599
0.96586
0.96573
0.96561
0.96549
0.96538
0.96528
0.96518
0.96510
0.96501
0.96494
0.96487
0.96481
0.96475
0.96470
0.96466
0.96462
0.96459
0.96457
0.96455
0.96454
0.96454
0.96454
0.96455
0.96457
0.96459
0.96462
0.96465
0.96470
0.96474
0.96480
0.96486
0.96492
0.96499
0.96507
0.96516
0.96525
0.96534
0.96544
0.96555
0.96567
0.96579
0.96591
0.96604
0.96618
0.96632
0.96647
0.96662
0.96678
0.96695
0.96712
0.96729
0.96747
0.96766
0.96785
0.96805
0.96825
0.96846
0.96867
0.96888
0.96911
0.96933
0.96956
0.96980
0.97004
0.97028
0.97053
0.97079
0.97105
0.97131
0.97157
0.97185
0.97212
0.97240
0.97268
0.97297
0.97326
0.97356
0.97386
0.97416
0.97446
0.97477
0.97509
0.97540
0.97572
0.97605
0.97637
0.97670
0.97703
0.97737
0.97771
0.97805
0.97839
0.97874
0.97909
0.97944
0.97980
0.98015
0.98051
0.98087
0.98124
0.98160
0.98197
0.98234
0.98271
0.98308
0.98346
0.98384
0.98421
0.98459
0.98498
0.98536
0.98574
0.98613
0.98651
0.98690
0.98729
0.98768
0.98807
0.98846
0.98885
0.98925
0.98964
0.99003
0.99043
0.99082
0.99122
0.99161
0.99200
0.99240
0.99279
0.99319
0.99358
0.99398
0.99437
0.99477
0.99516
0.99555
0.99594
0.99634
0.99673
0.99712
0.99751
0.99789
0.99828
0.99867
0.99905
0.99944
0.99982
1.00020
1.00058
1.00096
1.00134
1.00171
1.00208
1.00246
1.00283
1.00320
1.00356
1.00393
1.00429
1.00465
1.00501
1.00536
1.00572
1.00607
1.00642
1.00677
1.00711
1.00745
1.00779
1.00813
1.00846
1.00880
1.00912
1.00945
1.00977
1.01009
1.01041
1.01072
1.01103
1.01134
1.01165
1.01195
1.01225
1.01254
1.01283
1.01312
1.01341
1.01369
1.01397
1.01424
1.01451
1.01478
1.01504
1.01530
1.01556
1.01581
1.01606
1.01631
1.01655
1.01679
1.01702
1.01725
1.01747
1.01770
1.01791
1.01813
1.01834
1.01854
1.01874
1.01894
1.01914
1.01932
1.01951
1.01969
1.01987
1.02004
1.02021
1.02037
1.02053
1.02068
1.02084
1.02098
1.02112
1.02126
1.02140
1.02152
1.02165
1.02177
1.02189
1.02200
1.02211
1.02221
1.02231
1.02240
1.02249
1.02258
1.02266
1.02273
1.02280
1.02287
1.02294
1.02299
1.02305
1.02310
1.02315
1.02319
1.02322
1.02326
1.02328
1.02331
1.02333
1.02334
1.02336
1.02336
1.02336
1.02336
1.02336
1.02335
1.02333
1.02331
1.02329
1.02326
1.02323
1.02320
1.02316
1.02312
1.02307
1.02302
1.02296
1.02290
1.02284
1.02277
1.02270
1.02263
1.02255
1.02247
1.02238
1.02229
1.02219
1.02210
1.02200
1.02189
1.02178
1.02167
1.02155
1.02144
1.02131
1.02119
1.02106
1.02093
1.02079
1.02065
1.02051
1.02036
1.02021
1.02006
1.01990
1.01975
1.01958
1.01942
1.01925
1.01908
1.01891
1.01873
1.01856
1.01837
1.01819
1.01800
1.01781
1.01762
1.01743
1.01723
1.01703
1.01683
1.01662
1.01642
1.01621
1.01600
1.01579
1.01557
1.01535
1.01513
1.01491
1.01469
1.01446
1.01424
1.01401
1.01378
1.01355
1.01331
1.01308
1.01284
1.01260
1.01236
1.01212
1.01188
1.01163
1.01139
1.01114
1.01090
1.01065
1.01040
1.01015
1.00989
1.00964
1.00939
1.00913
1.00888
1.00862
1.00837
1.00811
1.00785
1.00760
1.00734
1.00708
1.00682
1.00656
1.00630
1.00604
1.00578
1.00552
1.00526
1.00500
1.00474
1.00448
1.00422
1.00396
1.00370
1.00344
1.00318
1.00292
1.00266
1.00240
1.00214
1.00188
1.00163
1.00137
1.00112
1.00086
1.00061
1.00035
1.00010
0.99985
0.99960
0.99935
0.99910
0.99885
0.99861
0.99836
0.99812
0.99787
0.99763
0.99739
0.99715
0.99691
0.99668
0.99644
0.99621
0.99598
0.99575
0.99552
0.99529
0.99506
0.99484
0.99462
0.99440
0.99418
0.99396
0.99375
0.99353
0.99332
0.99311
0.99290
0.99270
0.99250
0.99230
0.99210
0.99190
0.99170
0.99151
0.99132
0.99113
0.99095
0.99076
0.99058
0.99040
0.99023
0.99005
0.98988
0.98971
0.98955
0.98938
0.98922
0.98906
0.98890
0.98875
0.98860
0.98845
0.98830
0.98816
0.98802
0.98788
0.98774
0.98761
0.98748
0.98735
0.98723
0.98711
0.98699
0.98687
0.98676
0.98665
0.98654
0.98643
0.98633
0.98623
0.98613
0.98604
0.98595
0.98586
0.98578
0.98569
0.98561
0.98554
0.98546
0.98539
0.98532
0.98526
0.98520
0.98514
0.98508
0.98503
0.98498
0.98493
0.98489
0.98484
0.98480
0.98477
0.98474
0.98471
0.98468
0.98465
0.98463
0.98461
0.98460
0.98458
0.98457
0.98457
0.98456
0.98456
0.98456
0.98457
0.98457
0.98458
0.98459
0.98461
0.98463
0.98465
0.98467
0.98470
0.98472
0.98476
0.98479
0.98483
0.98486
0.98491
0.98495
0.98500
0.98505
0.98510
0.98515
0.98521
0.98527
0.98533
0.98540
0.98546
0.98553
0.98560
0.98568
0.98575
0.98583
0.98591
0.98600
0.98608
0.98617
0.98626
0.98635
0.98645
0.98654
0.98664
0.98674
0.98684
0.98695
0.98705
0.98716
0.98727
0.98739
0.98750
0.98762
0.98773
0.98785
0.98797
0.98810
0.98822
0.98835
0.98848
0.98861
0.98874
0.98887
0.98901
0.98914
0.98928
0.98942
0.98956
0.98970
0.98985
0.98999
0.99014
0.99029
0.99043
0.99058
0.99073
0.99089
0.99104
0.99119
0.99135
0.99151
0.99166
0.99182
0.99198
0.99214
0.99230
0.99246
0.99263
0.99279
0.99295
0.99312
0.99328
0.99345
0.99362
0.99378
0.99395
0.99412
0.99429
0.99446
0.99463
0.99480
0.99497
0.99514
0.99531
0.99548
0.99565
0.99582
0.99600
0.99617
0.99634
0.99651
0.99668
0.99686
0.99703
0.99720
0.99737
0.99754
0.99771
0.99789
0.99806
0.99823
0.99840
0.99857
0.99874
0.99891
0.99908
0.99925
0.99941
0.99958
0.99975
0.99992
1.00008
1.00025
1.00041
1.00058
1.00074
1.00090
1.00107
1.00123
1.00139
1.00155
1.00171
1.00186
1.00202
1.00218
1.00233
1.00249
1.00264
1.00279
1.00294
1.00309
1.00324
1.00339
1.00354
1.00368
1.00383
1.00397
1.00411
1.00425
1.00439
1.00453
1.00467
1.00480
1.00494
1.00507
1.00520
1.00533
1.00546
1.00559
1.00571
1.00584
1.00596
1.00608
1.00620
1.00632
1.00644
1.00655
1.00666
1.00678
1.00689
1.00699
1.00710
1.00721
1.00731
1.00741
1.00751
1.00761
1.00771
1.00780
1.00790
1.00799
1.00808
1.00816
1.00825
1.00834
1.00842
1.00850
1.00858
1.00865
1.00873
1.00880
1.00887
1.00894
1.00901
1.00908
1.00914
1.00920
1.00926
1.00932
1.00938
1.00943
1.00948
1.00954
1.00958
1.00963
1.00968
1.00972
1.00976
1.00980
1.00984
1.00987
1.00991
1.00994
1.00997
1.00999
1.01002
1.01004
1.01007
1.01009
1.01010
1.01012
1.01013
1.01015
1.01016
1.01017
1.01017
1.01018
1.01018
1.01018
1.01018
1.01018
1.01018
1.01017
1.01016
1.01015
1.01014
1.01013
1.01011
1.01009
1.01008
1.01005
1.01003
1.01001
1.00998
1.00996
1.00993
1.00990
1.00986
1.00983
1.00979
1.00976
1.00972
1.00968
1.00963
1.00959
1.00954
1.00950
1.00945
1.00940
1.00935
1.00929
1.00924
1.00918
1.00912
1.00906
1.00900
1.00894
1.00888
1.00881
1.00875
1.00868
1.00861
1.00854
1.00847
1.00840
1.00832
1.00825
1.00817
1.00809
1.00801
1.00793
1.00785
1.00777
1.00769
1.00760
1.00751
1.00743
1.00734
1.00725
1.00716
1.00707
1.00698
1.00689
1.00679
1.00670
1.00660
1.00651
1.00641
1.00631
1.00621
1.00611
1.00601
1.00591
1.00581
1.00571
1.00560
1.00550
1.00540
1.00529
1.00518
1.00508
1.00497
1.00486
1.00476
1.00465
1.00454
1.00443
1.00432
1.00421
1.00410
1.00399
1.00388
1.00377
1.00366
1.00354
1.00343
1.00332
1.00321
1.00309
1.00298
1.00287
1.00275
1.00264
1.00253
1.00241
1.00230
1.00219
1.00207
1.00196
1.00185
1.00173
1.00162
1.00151
1.00139
1.00128
1.00117
1.00106
1.00094
1.00083
1.00072
1.00061
1.00050
1.00038
1.00027
1.00016
1.00005
0.99994
0.99983
0.99973
0.99962
0.99951
0.99940
0.99929
0.99919
0.99908
0.99898
0.99887
0.99877
0.99866
0.99856
0.99846
0.99836
0.99826
0.99816
0.99806
0.99796
0.99786
0.99776
0.99766
0.99757
0.99747
0.99738
0.99728
0.99719
0.99710
0.99701
0.99692
0.99683
0.99674
0.99665
0.99656
0.99648
0.99639
0.99631
0.99623
0.99614
0.99606
0.99598
0.99590
0.99583
0.99575
0.99567
0.99560
0.99552
0.99545
0.99538
0.99531
0.99524
0.99517
0.99510
0.99504
0.99497
0.99491
0.99485
0.99479
0.99473
0.99467
0.99461
0.99455
0.99450
0.99444
0.99439
0.99434
0.99429
0.99424
0.99419
0.99414
0.99409
0.99405
0.99401
0.99396
0.99392
0.99388
0.99384
0.99381
0.99377
0.99374
0.99370
0.99367
0.99364
0.99361
0.99358
0.99355
0.99353
0.99350
0.99348
0.99346
0.99344
0.99342
0.99340
0.99338
0.99337
0.99335
0.99334
0.99333
0.99332
0.99331
0.99330
0.99329
0.99329
0.99328
0.99328
0.99328
0.99328
0.99328
0.99328
0.99328
0.99328
0.99329
0.99330
0.99330
0.99331
0.99332
0.99333
0.99335
0.99336
0.99337
0.99339
0.99341
0.99342
0.99344
0.99346
0.99349
0.99351
0.99353
0.99356
0.99358
0.99361
0.99364
0.99367
0.99370
0.99373
0.99376
0.99379
0.99383
0.99386
0.99390
0.99394
0.99397
0.99401
0.99405
0.99409
0.99414
0.99418
0.99422
0.99427
0.99431
0.99436
0.99441
0.99445
0.99450
0.99455
0.99460
0.99465
0.99471
0.99476
0.99481
0.99487
0.99492
0.99498
0.99503
0.99509
0.99515
0.99521
0.99527
0.99533
0.99539
0.99545
0.99551
0.99557
0.99564
0.99570
0.99576
0.99583
0.99589
0.99596
0.99603
0.99609
0.99616
0.99623
0.99630
0.99636
0.99643
0.99650
0.99657
0.99664
0.99671
0.99678
0.99686
0.99693
0.99700
0.99707
0.99714
0.99722
0.99729
0.99736
0.99743
0.99751
0.99758
0.99766
0.99773
0.99780
0.99788
0.99795
0.99803
0.99810
0.99818
0.99825
0.99833
0.99840
0.99848
0.99855
0.99863
0.99870
0.99878
0.99885
0.99893
0.99900
0.99908
0.99915
0.99922
0.99930
0.99937
0.99945
0.99952
0.99959
0.99967
0.99974
0.99981
0.99989
0.99996
1.00003
1.00010
1.00018
1.00025
1.00032
1.00039
1.00046
1.00053
1.00060
1.00067
1.00074
1.00081
1.00088
1.00095
1.00101
1.00108
1.00115
1.00121
1.00128
1.00134
1.00141
1.00147
1.00154
1.00160
1.00166
1.00173
1.00179
1.00185
1.00191
1.00197
1.00203
1.00209
1.00215
1.00221
1.00226
1.00232
1.00238
1.00243
1.00249
1.00254
1.00259
1.00265
1.00270
1.00275
1.00280
1.00285
1.00290
1.00295
1.00300
1.00305
1.00309
1.00314
1.00318
1.00323
1.00327
1.00331
1.00336
1.00340
1.00344
1.00348
1.00352
1.00356
1.00359
1.00363
1.00367
1.00370
1.00374
1.00377
1.00380
1.00383
1.00386
1.00390
1.00392
1.00395
1.00398
1.00401
1.00403
1.00406
1.00408
1.00411
1.00413
1.00415
1.00417
1.00420
1.00422
1.00423
1.00425
1.00427
1.00429
1.00430
1.00432
1.00433
1.00434
1.00435
1.00437
1.00438
1.00439
1.00439
1.00440
1.00441
1.00442
1.00442
1.00443
1.00443
1.00443
1.00443
1.00444
1.00444
1.00444
1.00444
1.00443
1.00443
1.00443
1.00442
1.00442
1.00441
1.00441
1.00440
1.00439
1.00438
1.00437
1.00436
1.00435
1.00434
1.00433
1.00431
1.00430
1.00428
1.00427
1.00425
1.00423
1.00422
1.00420
1.00418
1.00416
1.00414
1.00412
1.00410
1.00407
1.00405
1.00403
1.00400
1.00398
1.00395
1.00392
1.00390
1.00387
1.00384
1.00381
1.00378
1.00375
1.00372
1.00369
1.00366
1.00363
1.00360
1.00356
1.00353
1.00349
1.00346
1.00342
1.00339
1.00335
1.00331
1.00328
1.00324
1.00320
1.00316
1.00312
1.00308
1.00304
1.00300
1.00296
1.00292
1.00288
1.00284
1.00280
1.00275
1.00271
1.00267
1.00262
1.00258
1.00253
1.00249
1.00244
1.00240
1.00235
1.00231
1.00226
1.00222
1.00217
1.00212
1.00208
1.00203
1.00198
1.00193
1.00189
1.00184
1.00179
1.00174
1.00169
1.00164
1.00160
1.00155
1.00150
1.00145
1.00140
1.00135
1.00130
1.00125
1.00120
1.00115
1.00110
1.00106
1.00101
1.00096
1.00091
1.00086
1.00081
1.00076
1.00071
1.00066
1.00061
1.00056
1.00051
1.00046
1.00041
1.00037
1.00032
1.00027
1.00022
1.00017
1.00012
1.00007
1.00003
0.99998
0.99993
0.99988
0.99984
0.99979
0.99974
0.99970
0.99965
0.99960
0.99956
0.99951
0.99947
0.99942
0.99938
0.99933
0.99929
0.99924
0.99920
0.99916
0.99911
0.99907
0.99903
0.99899
0.99894
0.99890
0.99886
0.99882
0.99878
0.99874
0.99870
0.99866
0.99862
0.99858
0.99854
0.99851
0.99847
0.99843
0.99840
0.99836
0.99832
0.99829
0.99825
0.99822
0.99818
0.99815
0.99812
0.99809
0.99805
0.99802
0.99799
0.99796
0.99793
0.99790
0.99787
0.99784
0.99781
0.99778
0.99776
0.99773
0.99770
0.99768
0.99765
0.99763
0.99760
0.99758
0.99756
0.99753
0.99751
0.99749
0.99747
0.99745
0.99743
0.99741
0.99739
0.99737
0.99735
0.99734
0.99732
0.99730
0.99729
0.99727
0.99726
0.99724
0.99723
0.99722
0.99721
0.99719
0.99718
0.99717
0.99716
0.99715
0.99714
0.99713
0.99713
0.99712
0.99711
0.99710
0.99710
0.99709
0.99709
0.99708
0.99708
0.99708
0.99708
0.99707
0.99707
0.99707
0.99707
0.99707
0.99707
0.99707
0.99707
0.99708
0.99708
0.99708
0.99709
0.99709
0.99710
0.99710
0.99711
0.99711
0.99712
0.99713
0.99714
0.99714
0.99715
0.99716
0.99717
0.99718
0.99719
0.99720
0.99722
0.99723
0.99724
0.99725
0.99727
0.99728
0.99730
0.99731
0.99733
0.99734
0.99736
0.99737
0.99739
0.99741
0.99743
0.99744
0.99746
0.99748
0.99750
0.99752
0.99754
0.99756
0.99758
0.99760
0.99763
0.99765
0.99767
0.99769
0.99772
0.99774
0.99776
0.99779
0.99781
0.99784
0.99786
0.99789
0.99791
0.99794
0.99796
0.99799
0.99802
0.99804
0.99807
0.99810
0.99813
0.99815
0.99818
0.99821
0.99824
0.99827
0.99830
0.99833
0.99836
0.99838
0.99841
0.99844
0.99847
0.99851
0.99854
0.99857
0.99860
0.99863
0.99866
0.99869
0.99872
0.99875
0.99879
0.99882
0.99885
0.99888
0.99891
0.99894
0.99898
0.99901
0.99904
0.99907
0.99911
0.99914
0.99917
0.99920
0.99924
0.99927
0.99930
0.99933
0.99937
0.99940
0.99943
0.99947
0.99950
0.99953
0.99956
0.99960
0.99963
0.99966
0.99969
0.99972
0.99976
0.99979
0.99982
0.99985
0.99989
0.99992
0.99995
0.99998
1.00001
1.00004
1.00007
1.00011
1.00014
1.00017
1.00020
1.00023
1.00026
1.00029
1.00032
1.00035
1.00038
1.00041
1.00044
1.00047
1.00050
1.00053
1.00056
1.00058
1.00061
1.00064
1.00067
1.00070
1.00072
1.00075
1.00078
1.00080
1.00083
1.00086
1.00088
1.00091
1.00093
1.00096
1.00098
1.00101
1.00103
1.00106
1.00108
1.00111
1.00113
1.00115
1.00117
1.00120
1.00122
1.00124
1.00126
1.00128
1.00130
1.00133
1.00135
1.00137
1.00139
1.00140
1.00142
1.00144
1.00146
1.00148
1.00150
1.00151
1.00153
1.00155
1.00156
1.00158
1.00160
1.00161
1.00163
1.00164
1.00166
1.00167
1.00168
1.00170
1.00171
1.00172
1.00173
1.00175
1.00176
1.00177
1.00178
1.00179
1.00180
1.00181
1.00182
1.00183
1.00184
1.00184
1.00185
1.00186
1.00187
1.00187
1.00188
1.00189
1.00189
1.00190
1.00190
1.00191
1.00191
1.00191
1.00192
1.00192
1.00192
1.00193
1.00193
1.00193
1.00193
1.00193
1.00193
1.00193
1.00193
1.00193
1.00193
1.00193
1.00193
1.00193
1.00193
1.00192
1.00192
1.00192
1.00191
1.00191
1.00191
1.00190
1.00190
1.00189
1.00189
1.00188
1.00187
1.00187
1.00186
1.00185
1.00185
1.00184
1.00183
1.00182
1.00181
1.00180
1.00179
1.00179
1.00178
1.00177
1.00175
1.00174
1.00173
1.00172
1.00171
1.00170
1.00169
1.00167
1.00166
1.00165
1.00164
1.00162
1.00161
1.00160
1.00158
1.00157
1.00155
1.00154
1.00152
1.00151
1.00149
1.00148
1.00146
1.00145
1.00143
1.00141
1.00140
1.00138
1.00136
1.00134
1.00133
1.00131
1.00129
1.00127
1.00126
1.00124
1.00122
1.00120
1.00118
1.00116
1.00114
1.00112
1.00111
1.00109
1.00107
1.00105
1.00103
1.00101
1.00099
1.00097
1.00095
1.00093
1.00091
1.00089
1.00086
1.00084
1.00082
1.00080
1.00078
1.00076
1.00074
1.00072
1.00070
1.00068
1.00065
1.00063
1.00061
1.00059
1.00057
1.00055
1.00053
1.00050
1.00048
1.00046
1.00044
1.00042
1.00040
1.00038
1.00035
1.00033
1.00031
1.00029
1.00027
1.00025
1.00022
1.00020
1.00018
1.00016
1.00014
1.00012
1.00010
1.00008
1.00006
1.00003
1.00001
0.99999
0.99997
0.99995
0.99993
0.99991
0.99989
0.99987
0.99985
0.99983
0.99981
0.99979
0.99977
0.99975
0.99973
0.99971
0.99969
0.99967
0.99965
0.99963
0.99961
0.99960
0.99958
0.99956
0.99954
0.99952
0.99950
0.99949
0.99947
0.99945
0.99943
0.99942
0.99940
0.99938
0.99937
0.99935
0.99933
0.99932
0.99930
0.99929
0.99927
0.99926
0.99924
0.99922
0.99921
0.99920
0.99918
0.99917
0.99915
0.99914
0.99913
0.99911
0.99910
0.99909
0.99907
0.99906
0.99905
0.99904
0.99902
0.99901
0.99900
0.99899
0.99898
0.99897
0.99896
0.99895
0.99894
0.99893
0.99892
0.99891
0.99890
0.99889
0.99888
0.99887
0.99886
0.99886
0.99885
0.99884
0.99883
0.99883
0.99882
0.99881
0.99881
0.99880
0.99879
0.99879
0.99878
0.99878
0.99877
0.99877
0.99876
0.99876
0.99876
0.99875
0.99875
0.99874
0.99874
0.99874
0.99874
0.99873
0.99873
0.99873
0.99873
0.99873
0.99873
0.99873
0.99872
0.99872
0.99872
0.99872
0.99872
0.99872
0.99873
0.99873
0.99873
0.99873
0.99873
0.99873
0.99873
0.99874
0.99874
0.99874
0.99875
0.99875
0.99875
0.99876
0.99876
0.99876
0.99877
0.99877
0.99878
0.99878
0.99879
0.99879
0.99880
0.99880
0.99881
0.99882
0.99882
0.99883
0.99883
0.99884
0.99885
0.99886
0.99886
0.99887
0.99888
0.99889
0.99889
0.99890
0.99891
0.99892
0.99893
0.99894
0.99895
0.99896
0.99897
0.99897
0.99898
0.99899
0.99900
0.99901
0.99902
0.99904
0.99905
0.99906
0.99907
0.99908
0.99909
0.99910
0.99911
0.99912
0.99914
0.99915
0.99916
0.99917
0.99918
0.99919
0.99921
0.99922
0.99923
0.99924
0.99926
0.99927
0.99928
0.99930
0.99931
0.99932
0.99933
0.99935
0.99936
0.99937
0.99939
0.99940
0.99942
0.99943
0.99944
0.99946
0.99947
0.99948
0.99950
0.99951
0.99953
0.99954
0.99955
0.99957
0.99958
0.99960
0.99961
0.99962
0.99964
0.99965
0.99967
0.99968
0.99969
0.99971
0.99972
0.99974
0.99975
0.99977
0.99978
0.99979
0.99981
0.99982
0.99984
0.99985
0.99987
0.99988
0.99989
0.99991
0.99992
0.99994
0.99995
0.99996
0.99998
0.99999
1.00000
1.00002
1.00003
1.00005
1.00006
1.00007
1.00009
1.00010
1.00011
1.00013
1.00014
1.00015
1.00016
1.00018
1.00019
1.00020
1.00022
1.00023
1.00024
1.00025
1.00027
1.00028
1.00029
1.00030
1.00031
1.00033
1.00034
1.00035
1.00036
1.00037
1.00038
1.00040
1.00041
1.00042
1.00043
1.00044
1.00045
1.00046
1.00047
1.00048
1.00049
1.00050
1.00051
1.00052
1.00053
1.00054
1.00055
1.00056
1.00057
1.00058
1.00059
1.00059
1.00060
1.00061
1.00062
1.00063
1.00064
1.00064
1.00065
1.00066
1.00067
1.00067
1.00068
1.00069
1.00069
1.00070
1.00071
1.00071
1.00072
1.00073
1.00073
1.00074
1.00074
1.00075
1.00076
1.00076
1.00077
1.00077
1.00077
1.00078
1.00078
1.00079
1.00079
1.00080
1.00080
1.00080
1.00081
1.00081
1.00081
1.00082
1.00082
1.00082
1.00082
1.00083
1.00083
1.00083
1.00083
1.00083
1.00084
1.00084
1.00084
1.00084
1.00084
1.00084
1.00084
1.00084
1.00084
1.00084
1.00084
1.00084
1.00084
1.00084
1.00084
1.00084
1.00084
1.00084
1.00084
1.00084
1.00083
1.00083
1.00083
1.00083
1.00083
1.00082
1.00082
1.00082
1.00082
1.00081
1.00081
1.00081
1.00080
1.00080
1.00080
1.00079
1.00079
1.00079
1.00078
1.00078
1.00077
1.00077
1.00076
1.00076
1.00076
1.00075
1.00075
1.00074
1.00074
1.00073
1.00072
1.00072
1.00071
1.00071
1.00070
1.00070
1.00069
1.00068
1.00068
1.00067
1.00066
1.00066
1.00065
1.00064
1.00064
1.00063
1.00062
1.00062
1.00061
1.00060
1.00059
1.00059
1.00058
1.00057
1.00056
1.00056
1.00055
1.00054
1.00053
1.00052
1.00052
1.00051
1.00050
1.00049
1.00048
1.00047
1.00047
1.00046
1.00045
1.00044
1.00043
1.00042
1.00041
1.00040
1.00040
1.00039
1.00038
1.00037
1.00036
1.00035
1.00034
1.00033
1.00032
1.00031
1.00030
1.00029
1.00029
1.00028
1.00027
1.00026
1.00025
1.00024
1.00023
1.00022
1.00021
1.00020
1.00019
1.00018
1.00017
1.00016
1.00015
1.00015
1.00014
1.00013
1.00012
1.00011
1.00010
1.00009
1.00008
1.00007
1.00006
1.00005
1.00004
1.00003
1.00002
1.00002
1.00001
1.00000
0.99999
0.99998
0.99997
0.99996
0.99995
0.99994
0.99993
0.99993
0.99992
0.99991
0.99990
0.99989
0.99988
0.99987
0.99987
0.99986
0.99985
0.99984
0.99983
0.99982
0.99982
0.99981
0.99980
0.99979
0.99978
0.99978
0.99977
0.99976
0.99975
0.99975
0.99974
0.99973
0.99972
0.99972
0.99971
0.99970
0.99970
0.99969
0.99968
0.99968
0.99967
0.99966
0.99966
0.99965
0.99964
0.99964
0.99963
0.99963
0.99962
0.99961
0.99961
0.99960
0.99960
0.99959
0.99959
0.99958
0.99958
0.99957
0.99956
0.99956
0.99956
0.99955
0.99955
0.99954
0.99954
0.99953
0.99953
0.99952
0.99952
0.99952
0.99951
0.99951
0.99951
0.99950
0.99950
0.99949
0.99949
0.99949
0.99949
0.99948
0.99948
0.99948
0.99947
0.99947
0.99947
0.99947
0.99947
0.99946
0.99946
0.99946
0.99946
0.99946
0.99945
0.99945
0.99945
0.99945
0.99945
0.99945
0.99945
0.99945
0.99945
0.99945
0.99945
0.99944
0.99944
0.99944
0.99944
0.99944
0.99944
0.99944
0.99944
0.99945
0.99945
0.99945
0.99945
0.99945
0.99945
0.99945
0.99945
0.99945
0.99945
0.99945
0.99946
0.99946
0.99946
0.99946
0.99946
0.99946
0.99947
0.99947
0.99947
0.99947
0.99948
0.99948
0.99948
0.99948
0.99949
0.99949
0.99949
0.99950
0.99950
0.99950
0.99950
0.99951
0.99951
0.99951
0.99952
0.99952
0.99953
0.99953
0.99953
0.99954
0.99954
0.99954
0.99955
0.99955
0.99956
0.99956
0.99957
0.99957
0.99957
0.99958
0.99958
0.99959
0.99959
0.99960
0.99960
0.99961
0.99961
0.99962
0.99962
0.99963
0.99963
0.99964
0.99964
0.99965
0.99965
0.99966
0.99967
0.99967
0.99968
0.99968
0.99969
0.99969
0.99970
0.99970
0.99971
0.99972
0.99972
0.99973
0.99973
0.99974
0.99974
0.99975
0.99976
0.99976
0.99977
0.99977
0.99978
0.99979
0.99979
0.99980
0.99981
0.99981
0.99982
0.99982
0.99983
0.99984
0.99984
0.99985
0.99985
0.99986
0.99987
0.99987
0.99988
0.99989
0.99989
0.99990
0.99990
0.99991
0.99992
0.99992
0.99993
0.99993
0.99994
0.99995
0.99995
0.99996
0.99997
0.99997
0.99998
0.99998
0.99999
1.00000
1.00000
1.00001
1.00001
1.00002
1.00003
1.00003
1.00004
1.00004
1.00005
1.00005
1.00006
1.00007
1.00007
1.00008
1.00008
1.00009
1.00009
1.00010
1.00010
1.00011
1.00012
1.00012
1.00013
1.00013
1.00014
1.00014
1.00015
1.00015
1.00016
1.00016
1.00017
1.00017
1.00018
1.00018
1.00019
1.00019
1.00020
1.00020
1.00020
1.00021
1.00021
1.00022
1.00022
1.00023
1.00023
1.00024
1.00024
1.00024
1.00025
1.00025
1.00025
1.00026
1.00026
1.00027
1.00027
1.00027
1.00028
1.00028
1.00028
1.00029
1.00029
1.00029
1.00030
1.00030
1.00030
1.00031
1.00031
1.00031
1.00031
1.00032
1.00032
1.00032
1.00032
1.00033
1.00033
1.00033
1.00033
1.00034
1.00034
1.00034
1.00034
1.00034
1.00034
1.00035
1.00035
1.00035
1.00035
1.00035
1.00035
1.00036
1.00036
1.00036
1.00036
1.00036
1.00036
1.00036
1.00036
1.00036
1.00036
1.00036
1.00037
1.00037
1.00037
1.00037
1.00037
1.00037
1.00037
1.00037
1.00037
1.00037
1.00037
1.00037
1.00037
1.00037
1.00037
1.00037
1.00036
1.00036
1.00036
1.00036
1.00036
1.00036
1.00036
1.00036
1.00036
1.00036
1.00036
1.00035
1.00035
1.00035
1.00035
1.00035
1.00035
1.00035
1.00034
1.00034
1.00034
1.00034
1.00034
1.00034
1.00033
1.00033
1.00033
1.00033
1.00032
1.00032
1.00032
1.00032
1.00032
1.00031
1.00031
1.00031
1.00031
1.00030
1.00030
1.00030
1.00030
1.00029
1.00029
1.00029
1.00028
1.00028
1.00028
1.00027
1.00027
1.00027
1.00027
1.00026
1.00026
1.00026
1.00025
1.00025
1.00025
1.00024
1.00024
1.00024
1.00023
1.00023
1.00022
1.00022
1.00022
1.00021
1.00021
1.00021
1.00020
1.00020
1.00020
1.00019
1.00019
1.00018
1.00018
1.00018
1.00017
1.00017
1.00016
1.00016
1.00016
1.00015
1.00015
1.00014
1.00014
1.00014
1.00013
1.00013
1.00012
1.00012
1.00012
1.00011
1.00011
1.00010
1.00010
1.00010
1.00009
1.00009
1.00008
1.00008
1.00008
1.00007
1.00007
1.00006
1.00006
1.00006
1.00005
1.00005
1.00004
1.00004
1.00004
1.00003
1.00003
1.00002
1.00002
1.00001
1.00001
1.00001
1.00000
1.00000
1.00000
0.99999
0.99999
0.99998
0.99998
0.99998
0.99997
0.99997
0.99996
0.99996
0.99996
0.99995
0.99995
0.99995
0.99994
0.99994
0.99993
0.99993
0.99993
0.99992
0.99992
0.99992
0.99991
0.99991
0.99991
0.99990
0.99990
0.99990
0.99989
0.99989
0.99989
0.99988
0.99988
0.99988
0.99987
0.99987
0.99987
0.99986
0.99986
0.99986
0.99986
0.99985
0.99985
0.99985
0.99984
0.99984
0.99984
0.99984
0.99983
0.99983
0.99983
0.99983
0.99982
0.99982
0.99982
0.99982
0.99982
0.99981
0.99981
0.99981
0.99981
0.99980
0.99980
0.99980
0.99980
0.99980
0.99979
0.99979
0.99979
0.99979
0.99979
0.99979
0.99978
0.99978
0.99978
0.99978
0.99978
0.99978
0.99978
0.99977
0.99977
0.99977
0.99977
0.99977
0.99977
0.99977
0.99977
0.99977
0.99977
0.99976
0.99976
0.99976
0.99976
0.99976
0.99976
0.99976
0.99976
0.99976
0.99976
0.99976
0.99976
0.99976
0.99976
0.99976
0.99976
0.99976
0.99976
0.99976
0.99976
0.99976
0.99976
0.99976
0.99976
0.99976
0.99976
0.99976
0.99976
0.99976
0.99976
0.99976
0.99976
0.99976
0.99976
0.99976
0.99976
0.99977
0.99977
0.99977
0.99977
0.99977
0.99977
0.99977
0.99977
0.99977
0.99977
0.99977
0.99978
0.99978
0.99978
0.99978
0.99978
0.99978
0.99978
0.99979
0.99979
0.99979
0.99979
0.99979
0.99979
0.99979
0.99980
0.99980
0.99980
0.99980
0.99980
0.99981
0.99981
0.99981
0.99981
0.99981
0.99981
0.99982
0.99982
0.99982
0.99982
0.99982
0.99983
0.99983
0.99983
0.99983
0.99984
0.99984
0.99984
0.99984
0.99984
0.99985
0.99985
0.99985
0.99985
0.99986
0.99986
0.99986
0.99986
0.99987
0.99987
0.99987
0.99987
0.99988
0.99988
0.99988
0.99988
0.99989
0.99989
0.99989
0.99989
0.99990
0.99990
0.99990
0.99990
0.99991
0.99991
0.99991
0.99991
0.99992
0.99992
0.99992
0.99993
0.99993
0.99993
0.99993
0.99994
0.99994
0.99994
0.99994
0.99995
0.99995
0.99995
0.99996
0.99996
0.99996
0.99996
0.99997
0.99997
0.99997
0.99997
0.99998
0.99998
0.99998
0.99998
0.99999
0.99999
0.99999
1.00000
1.00000
1.00000
1.00000
1.00001
1.00001
1.00001
1.00001
1.00002
1.00002
1.00002
1.00002
1.00003
1.00003
1.00003
1.00003
1.00004
1.00004
1.00004
1.00004
1.00005
1.00005
1.00005
1.00005
1.00005
1.00006
1.00006
1.00006
1.00006
1.00007
1.00007
1.00007
1.00007
1.00007
1.00008
1.00008
1.00008
1.00008
1.00009
1.00009
1.00009
1.00009
1.00009
1.00009
1.00010
1.00010
1.00010
1.00010
1.00010
1.00011
1.00011
1.00011
1.00011
1.00011
1.00011
1.00012
1.00012
1.00012
1.00012
1.00012
1.00012
1.00012
1.00013
1.00013
1.00013
1.00013
1.00013
1.00013
1.00013
1.00014
1.00014
1.00014
1.00014
1.00014
1.00014
1.00014
1.00014
1.00014
1.00015
1.00015
1.00015
1.00015
1.00015
1.00015
1.00015
1.00015
1.00015
1.00015
1.00015
1.00015
1.00015
1.00015
1.00016
1.00016
1.00016
1.00016
1.00016
1.00016
1.00016
1.00016
1.00016
1.00016
1.00016
1.00016
1.00016
1.00016
1.00016
1.00016
1.00016
1.00016
1.00016
1.00016
1.00016
1.00016
1.00016
1.00016
1.00016
1.00016
1.00016
1.00016
1.00016
1.00016
1.00016
1.00016
1.00016
1.00016
1.00016
1.00016
1.00015
1.00015
1.00015
1.00015
1.00015
1.00015
1.00015
1.00015
1.00015
1.00015
1.00015
1.00015
1.00015
1.00015
1.00015
1.00014
1.00014
1.00014
1.00014
1.00014
1.00014
1.00014
1.00014
1.00014
1.00014
1.00013
1.00013
1.00013
1.00013
1.00013
1.00013
1.00013
1.00013
1.00012
1.00012
1.00012
1.00012
1.00012
1.00012
1.00012
1.00012
1.00011
1.00011
1.00011
1.00011
