0.00000
0.00000
0.00018
0.00053
0.00107
0.00177
0.00265
0.00371
0.00493
0.00633
0.00790
0.00963
0.01154
0.01361
0.01584
0.01824
0.02080
0.02352
0.02641
0.02945
0.03264
0.03600
0.03950
0.04317
0.04698
0.05094
0.05505
0.05931
0.06371
0.06826
0.07295
0.07778
0.08274
0.08785
0.09309
0.09847
0.10398
0.10962
0.11538
0.12128
0.12730
0.13345
0.13971
0.14610
0.15261
0.15923
0.16597
0.17282
0.17978
0.18685
0.19403
0.20131
0.20870
0.21619
0.22378
0.23147
0.23925
0.24713
0.25510
0.26316
0.27130
0.27954
0.28786
0.29626
0.30474
0.31330
0.32194
0.33065
0.33944
0.34829
0.35722
0.36621
0.37526
0.38438
0.39356
0.40279
0.41209
0.42143
0.43083
0.44028
0.44978
0.45933
0.46892
0.47855
0.48823
0.49794
0.50769
0.51747
0.52729
0.53714
0.54701
0.55692
0.56684
0.57680
0.58677
0.59676
0.60677
0.61679
0.62682
0.63687
0.64693
0.65699
0.66706
0.67713
0.68721
0.69728
0.70736
0.71743
0.72749
0.73755
0.74760
0.75763
0.76766
0.77767
0.78766
0.79763
0.80759
0.81752
0.82743
0.83732
0.84718
0.85701
0.86681
0.87658
0.88631
0.89601
0.90568
0.91531
0.92489
0.93444
0.94394
0.95340
0.96281
0.97218
0.98150
0.99076
0.99998
1.00914
1.01825
1.02730
1.03629
1.04523
1.05411
1.06292
1.07168
1.08036
1.08899
1.09754
1.10603
1.11446
1.12281
1.13109
1.13929
1.14743
1.15549
1.16347
1.17138
1.17921
1.18696
1.19463
1.20222
1.20973
1.21716
1.22450
1.23176
1.23893
1.24602
1.25302
1.25993
1.26675
1.27348
1.28012
1.28667
1.29313
1.29950
1.30577
1.31195
1.31804
1.32403
1.32992
1.33572
1.34142
1.34702
1.35252
1.35793
1.36324
1.36845
1.37355
1.37856
1.38347
1.38827
1.39298
1.39758
1.40208
1.40648
1.41078
1.41497
1.41906
1.42304
1.42693
1.43071
1.43438
1.43795
1.44142
1.44478
1.44804
1.45120
1.45425
1.45719
1.46003
1.46277
1.46540
1.46793
1.47035
1.47267
1.47489
1.47700
1.47901
1.48092
1.48272
1.48442
1.48601
1.48751
1.48890
1.49019
1.49137
1.49246
1.49344
1.49433
1.49511
1.49579
1.49638
1.49686
1.49725
1.49754
1.49773
1.49782
1.49781
1.49771
1.49752
1.49723
1.49684
1.49636
1.49578
1.49512
1.49436
1.49351
1.49256
1.49153
1.49041
1.48920
1.48790
1.48651
1.48503
1.48347
1.48182
1.48009
1.47828
1.47638
1.47440
1.47233
1.47019
1.46797
1.46567
1.46328
1.46083
1.45829
1.45568
1.45299
1.45023
1.44740
1.44450
1.44152
1.43847
1.43536
1.43217
1.42892
1.42561
1.42222
1.41877
1.41526
1.41169
1.40805
1.40435
1.40060
1.39678
1.39291
1.38898
1.38500
1.38096
1.37686
1.37272
1.36852
1.36428
1.35998
1.35564
1.35124
1.34681
1.34232
1.33780
1.33323
1.32862
1.32396
1.31927
1.31454
1.30977
1.30497
1.30013
1.29525
1.29035
1.28541
1.28043
1.27543
1.27040
1.26535
1.26026
1.25515
1.25002
1.24486
1.23968
1.23448
1.22926
1.22402
1.21876
1.21348
1.20819
1.20289
1.19757
1.19223
1.18689
1.18153
1.17617
1.17080
1.16541
1.16003
1.15463
1.14924
1.14384
1.13843
1.13303
1.12763
1.12222
1.11682
1.11142
1.10603
1.10063
1.09525
1.08987
1.08450
1.07914
1.07378
1.06844
1.06311
1.05779
1.05249
1.04719
1.04192
1.03666
1.03141
1.02619
1.02098
1.01579
1.01062
1.00548
1.00035
0.99525
0.99017
0.98512
0.98009
0.97509
0.97012
0.96517
0.96025
0.95536
0.95050
0.94568
0.94088
0.93611
0.93138
0.92669
0.92202
0.91739
0.91280
0.90824
0.90373
0.89924
0.89480
0.89040
0.88603
0.88171
0.87742
0.87318
0.86898
0.86482
0.86071
0.85664
0.85261
0.84863
0.84469
0.84080
0.83695
0.83316
0.82940
0.82570
0.82204
0.81844
0.81488
0.81137
0.80791
0.80450
0.80114
0.79783
0.79457
0.79137
0.78821
0.78511
0.78206
0.77907
0.77612
0.77323
0.77039
0.76761
0.76488
0.76221
0.75959
0.75702
0.75451
0.75205
0.74965
0.74731
0.74502
0.74279
0.74061
0.73849
0.73642
0.73441
0.73246
0.73056
0.72872
0.72693
0.72521
0.72354
0.72192
0.72036
0.71886
0.71741
0.71603
0.71469
0.71342
0.71220
0.71103
0.70993
0.70888
0.70788
0.70694
0.70606
0.70523
0.70446
0.70375
0.70308
0.70248
0.70193
0.70143
0.70099
0.70060
0.70027
0.69999
0.69977
0.69960
0.69948
0.69941
0.69940
0.69944
0.69953
0.69968
0.69987
0.70012
0.70042
0.70077
0.70117
0.70162
0.70212
0.70267
0.70326
0.70391
0.70461
0.70535
0.70614
0.70698
0.70786
0.70879
0.70977
0.71079
0.71186
0.71297
0.71413
0.71533
0.71657
0.71786
0.71919
0.72056
0.72198
0.72343
0.72492
0.72646
0.72803
0.72965
0.73130
0.73299
0.73472
0.73648
0.73829
0.74012
0.74200
0.74391
0.74585
0.74783
0.74984
0.75188
0.75396
0.75607
0.75821
0.76038
0.76258
0.76481
0.76706
0.76935
0.77167
0.77401
0.77638
0.77878
0.78120
0.78364
0.78611
0.78861
0.79113
0.79367
0.79623
0.79882
0.80142
0.80405
0.80669
0.80936
0.81204
0.81474
0.81746
0.82020
0.82295
0.82572
0.82850
0.83130
0.83411
0.83694
0.83978
0.84263
0.84549
0.84836
0.85124
0.85414
0.85704
0.85995
0.86287
0.86580
0.86873
0.87167
0.87462
0.87757
0.88052
0.88348
0.88645
0.88941
0.89238
0.89535
0.89833
0.90130
0.90427
0.90724
0.91022
0.91319
0.91615
0.91912
0.92208
0.92504
0.92800
0.93095
0.93389
0.93683
0.93977
0.94270
0.94562
0.94853
0.95143
0.95433
0.95722
0.96009
0.96296
0.96582
0.96866
0.97150
0.97432
0.97713
0.97992
0.98271
0.98548
0.98823
0.99097
0.99370
0.99641
0.99911
1.00179
1.00445
1.00709
1.00972
1.01233
1.01492
1.01749
1.02005
1.02258
1.02509
1.02759
1.03006
1.03252
1.03495
1.03736
1.03975
1.04211
1.04446
1.04678
1.04908
1.05135
1.05361
1.05583
1.05804
1.06021
1.06237
1.06450
1.06660
1.06868
1.07073
1.07276
1.07476
1.07673
1.07868
1.08060
1.08249
1.08436
1.08619
1.08800
1.08978
1.09154
1.09326
1.09496
1.09663
1.09827
1.09988
1.10146
1.10301
1.10454
1.10603
1.10749
1.10893
1.11033
1.11171
1.11305
1.11437
1.11565
1.11691
1.11813
1.11932
1.12049
1.12162
1.12272
1.12379
1.12483
1.12584
1.12682
1.12777
1.12869
1.12957
1.13043
1.13126
1.13205
1.13282
1.13355
1.13425
1.13492
1.13557
1.13618
1.13676
1.13731
1.13783
1.13832
1.13878
1.13921
1.13961
1.13998
1.14032
1.14062
1.14090
1.14116
1.14138
1.14157
1.14173
1.14186
1.14197
1.14204
1.14209
1.14211
1.14210
1.14206
1.14199
1.14190
1.14177
1.14162
1.14144
1.14124
1.14101
1.14075
1.14046
1.14015
1.13981
1.13945
1.13906
1.13864
1.13820
1.13773
1.13724
1.13672
1.13618
1.13562
1.13503
1.13441
1.13378
1.13311
1.13243
1.13172
1.13099
1.13024
1.12947
1.12867
1.12785
1.12702
1.12616
1.12528
1.12437
1.12345
1.12251
1.12155
1.12057
1.11957
1.11855
1.11751
1.11646
1.11538
1.11429
1.11318
1.11206
1.11092
1.10976
1.10858
1.10739
1.10618
1.10496
1.10373
1.10247
1.10121
1.09993
1.09863
1.09733
1.09601
1.09468
1.09333
1.09197
1.09060
1.08922
1.08783
1.08643
1.08501
1.08359
1.08216
1.08071
1.07926
1.07780
1.07633
1.07485
1.07337
1.07187
1.07037
1.06886
1.06735
1.06583
1.06430
1.06276
1.06123
1.05968
1.05813
1.05658
1.05502
1.05346
1.05190
1.05033
1.04876
1.04718
1.04561
1.04403
1.04245
1.04087
1.03928
1.03770
1.03612
1.03453
1.03295
1.03137
1.02978
1.02820
1.02662
1.02504
1.02346
1.02189
1.02031
1.01874
1.01718
1.01561
1.01405
1.01249
1.01094
1.00939
1.00785
1.00631
1.00478
1.00325
1.00172
1.00021
0.99870
0.99719
0.99569
0.99420
0.99272
0.99124
0.98977
0.98831
0.98686
0.98541
0.98398
0.98255
0.98113
0.97972
0.97832
0.97693
0.97555
0.97418
0.97282
0.97147
0.97013
0.96880
0.96748
0.96617
0.96488
0.96359
0.96232
0.96106
0.95981
0.95858
0.95735
0.95614
0.95495
0.95376
0.95259
0.95143
0.95029
0.94915
0.94804
0.94693
0.94584
0.94476
0.94370
0.94265
0.94162
0.94060
0.93960
0.93861
0.93763
0.93667
0.93573
0.93480
0.93389
0.93299
0.93211
0.93124
0.93039
0.92955
0.92873
0.92792
0.92714
0.92636
0.92561
0.92487
0.92414
0.92343
0.92274
0.92207
0.92141
0.92076
0.92014
0.91953
0.91894
0.91836
0.91780
0.91725
0.91673
0.91622
0.91572
0.91525
0.91479
0.91434
0.91391
0.91350
0.91311
0.91273
0.91237
0.91203
0.91170
0.91139
0.91109
0.91081
0.91055
0.91031
0.91008
0.90987
0.90967
0.90949
0.90932
0.90918
0.90904
0.90893
0.90883
0.90875
0.90868
0.90862
0.90859
0.90857
0.90856
0.90857
0.90860
0.90864
0.90869
0.90876
0.90885
0.90895
0.90907
0.90920
0.90934
0.90950
0.90968
0.90987
0.91007
0.91029
0.91052
0.91076
0.91102
0.91130
0.91158
0.91188
0.91220
0.91252
0.91286
0.91321
0.91358
0.91396
0.91435
0.91475
0.91517
0.91559
0.91603
0.91648
0.91695
0.91742
0.91791
0.91840
0.91891
0.91943
0.91996
0.92050
0.92105
0.92161
0.92219
0.92277
0.92336
0.92396
0.92457
0.92519
0.92582
0.92646
0.92711
0.92777
0.92843
0.92911
0.92979
0.93048
0.93118
0.93188
0.93260
0.93332
0.93405
0.93478
0.93552
0.93627
0.93703
0.93779
0.93856
0.93933
0.94011
0.94090
0.94169
0.94249
0.94329
0.94410
0.94491
0.94573
0.94655
0.94737
0.94820
0.94904
0.94987
0.95072
0.95156
0.95241
0.95326
0.95411
0.95497
0.95583
0.95669
0.95756
0.95842
0.95929
0.96016
0.96103
0.96191
0.96278
0.96366
0.96453
0.96541
0.96629
0.96717
0.96805
0.96892
0.96980
0.97068
0.97156
0.97244
0.97332
0.97419
0.97507
0.97594
0.97681
0.97768
0.97855
0.97942
0.98029
0.98115
0.98201
0.98287
0.98373
0.98459
0.98544
0.98629
0.98713
0.98797
0.98881
0.98965
0.99048
0.99131
0.99213
0.99295
0.99377
0.99458
0.99539
0.99619
0.99699
0.99779
0.99858
0.99936
1.00014
1.00091
1.00168
1.00245
1.00320
1.00395
1.00470
1.00544
1.00618
1.00690
1.00763
1.00834
1.00905
1.00975
1.01045
1.01114
1.01182
1.01250
1.01317
1.01383
1.01448
1.01513
1.01577
1.01641
1.01703
1.01765
1.01826
1.01886
1.01946
1.02005
1.02063
1.02120
1.02176
1.02232
1.02287
1.02341
1.02394
1.02446
1.02498
1.02548
1.02598
1.02647
1.02695
1.02742
1.02789
1.02834
1.02879
1.02923
1.02966
1.03008
1.03049
1.03089
1.03129
1.03167
1.03205
1.03242
1.03277
1.03312
1.03346
1.03380
1.03412
1.03443
1.03474
1.03503
1.03532
1.03560
1.03586
1.03612
1.03637
1.03661
1.03685
1.03707
1.03728
1.03749
1.03769
1.03787
1.03805
1.03822
1.03838
1.03853
1.03867
1.03881
1.03893
1.03905
1.03915
1.03925
1.03934
1.03942
1.03949
1.03956
1.03961
1.03966
1.03970
1.03973
1.03975
1.03976
1.03976
1.03976
1.03974
1.03972
1.03969
1.03966
1.03961
1.03956
1.03950
1.03943
1.03935
1.03926
1.03917
1.03907
1.03896
1.03885
1.03872
1.03859
1.03845
1.03831
1.03815
1.03799
1.03783
1.03765
1.03747
1.03728
1.03709
1.03688
1.03668
1.03646
1.03624
1.03601
1.03578
1.03554
1.03529
1.03503
1.03477
1.03451
1.03424
1.03396
1.03368
1.03339
1.03309
1.03279
1.03249
1.03218
1.03186
1.03154
1.03122
1.03089
1.03055
1.03021
1.02986
1.02951
1.02916
1.02880
1.02844
1.02807
1.02770
1.02732
1.02694
1.02656
1.02617
1.02578
1.02538
1.02499
1.02458
1.02418
1.02377
1.02336
1.02294
1.02253
1.02211
1.02168
1.02126
1.02083
1.02040
1.01996
1.01953
1.01909
1.01865
1.01821
1.01776
1.01732
1.01687
1.01642
1.01597
1.01552
1.01507
1.01461
1.01415
1.01370
1.01324
1.01278
1.01232
1.01186
1.01140
1.01094
1.01047
1.01001
1.00955
1.00909
1.00862
1.00816
1.00770
1.00723
1.00677
1.00631
1.00584
1.00538
1.00492
1.00446
1.00400
1.00354
1.00309
1.00263
1.00217
1.00172
1.00126
1.00081
1.00036
0.99991
0.99946
0.99902
0.99857
0.99813
0.99769
0.99725
0.99681
0.99638
0.99595
0.99552
0.99509
0.99466
0.99424
0.99382
0.99340
0.99298
0.99257
0.99216
0.99175
0.99135
0.99094
0.99055
0.99015
0.98976
0.98937
0.98898
0.98860
0.98822
0.98784
0.98747
0.98710
0.98673
0.98637
0.98601
0.98566
0.98530
0.98496
0.98461
0.98427
0.98394
0.98360
0.98328
0.98295
0.98263
0.98232
0.98200
0.98170
0.98139
0.98109
0.98080
0.98051
0.98022
0.97994
0.97966
0.97939
0.97912
0.97886
0.97860
0.97834
0.97809
0.97785
0.97761
0.97737
0.97714
0.97691
0.97669
0.97647
0.97626
0.97605
0.97585
0.97565
0.97546
0.97527
0.97508
0.97491
0.97473
0.97456
0.97440
0.97424
0.97408
0.97393
0.97379
0.97365
0.97351
0.97338
0.97326
0.97314
0.97302
0.97291
0.97280
0.97270
0.97261
0.97252
0.97243
0.97235
0.97227
0.97220
0.97213
0.97207
0.97201
0.97196
0.97191
0.97187
0.97183
0.97180
0.97177
0.97174
0.97172
0.97171
0.97170
0.97169
0.97169
0.97169
0.97170
0.97171
0.97173
0.97175
0.97178
0.97181
0.97184
0.97188
0.97192
0.97197
0.97202
0.97208
0.97214
0.97220
0.97227
0.97234
0.97242
0.97250
0.97259
0.97267
0.97277
0.97286
0.97296
0.97307
0.97318
0.97329
0.97340
0.97352
0.97365
0.97377
0.97390
0.97404
0.97417
0.97431
0.97446
0.97460
0.97475
0.97491
0.97506
0.97522
0.97539
0.97555
0.97572
0.97589
0.97607
0.97625
0.97643
0.97661
0.97680
0.97699
0.97718
0.97737
0.97757
0.97777
0.97797
0.97817
0.97838
0.97859
0.97880
0.97901
0.97923
0.97945
0.97967
0.97989
0.98011
0.98034
0.98056
0.98079
0.98102
0.98126
0.98149
0.98173
0.98196
0.98220
0.98244
0.98268
0.98293
0.98317
0.98342
0.98366
0.98391
0.98416
0.98441
0.98466
0.98491
0.98517
0.98542
0.98568
0.98593
0.98619
0.98644
0.98670
0.98696
0.98722
0.98748
0.98773
0.98799
0.98825
0.98851
0.98877
0.98903
0.98929
0.98955
0.98982
0.99008
0.99034
0.99060
0.99086
0.99112
0.99138
0.99163
0.99189
0.99215
0.99241
0.99267
0.99292
0.99318
0.99344
0.99369
0.99395
0.99420
0.99445
0.99470
0.99496
0.99521
0.99545
0.99570
0.99595
0.99620
0.99644
0.99668
0.99693
0.99717
0.99741
0.99765
0.99789
0.99812
0.99836
0.99859
0.99882
0.99905
0.99928
0.99951
0.99973
0.99996
1.00018
1.00040
1.00062
1.00083
1.00105
1.00126
1.00147
1.00168
1.00189
1.00209
1.00230
1.00250
1.00270
1.00290
1.00309
1.00329
1.00348
1.00367
1.00385
1.00404
1.00422
1.00440
1.00458
1.00475
1.00493
1.00510
1.00527
1.00543
1.00560
1.00576
1.00592
1.00607
1.00623
1.00638
1.00653
1.00668
1.00682
1.00696
1.00710
1.00724
1.00737
1.00750
1.00763
1.00776
1.00788
1.00800
1.00812
1.00824
1.00835
1.00846
1.00857
1.00868
1.00878
1.00888
1.00898
1.00907
1.00917
1.00926
1.00934
1.00943
1.00951
1.00959
1.00966
1.00974
1.00981
1.00988
1.00994
1.01001
1.01007
1.01012
1.01018
1.01023
1.01028
1.01033
1.01037
1.01042
1.01045
1.01049
1.01053
1.01056
1.01059
1.01061
1.01064
1.01066
1.01068
1.01069
1.01071
1.01072
1.01073
1.01073
1.01074
1.01074
1.01074
1.01073
1.01073
1.01072
1.01071
1.01069
1.01068
1.01066
1.01064
1.01062
1.01059
1.01057
1.01054
1.01050
1.01047
1.01043
1.01040
1.01036
1.01031
1.01027
1.01022
1.01017
1.01012
1.01007
1.01001
1.00996
1.00990
1.00984
1.00977
1.00971
1.00964
1.00957
1.00950
1.00943
1.00936
1.00928
1.00920
1.00912
1.00904
1.00896
1.00887
1.00879
1.00870
1.00861
1.00852
1.00843
1.00833
1.00824
1.00814
1.00804
1.00795
1.00784
1.00774
1.00764
1.00753
1.00743
1.00732
1.00721
1.00710
1.00699
1.00688
1.00676
1.00665
1.00653
1.00642
1.00630
1.00618
1.00606
1.00594
1.00582
1.00570
1.00558
1.00545
1.00533
1.00520
1.00508
1.00495
1.00482
1.00470
1.00457
1.00444
1.00431
1.00418
1.00405
1.00392
1.00379
1.00365
1.00352
1.00339
1.00326
1.00312
1.00299
1.00286
1.00272
1.00259
1.00245
1.00232
1.00218
1.00205
1.00191
1.00178
1.00164
1.00151
1.00137
1.00124
1.00110
1.00097
1.00083
1.00070
1.00057
1.00043
1.00030
1.00016
1.00003
0.99990
0.99977
0.99963
0.99950
0.99937
0.99924
0.99911
0.99898
0.99885
0.99872
0.99859
0.99846
0.99833
0.99821
0.99808
0.99796
0.99783
0.99771
0.99758
0.99746
0.99734
0.99722
0.99710
0.99698
0.99686
0.99674
0.99662
0.99650
0.99639
0.99627
0.99616
0.99605
0.99593
0.99582
0.99571
0.99560
0.99550
0.99539
0.99528
0.99518
0.99508
0.99497
0.99487
0.99477
0.99467
0.99457
0.99448
0.99438
0.99429
0.99419
0.99410
0.99401
0.99392
0.99383
0.99374
0.99366
0.99357
0.99349
0.99341
0.99333
0.99325
0.99317
0.99309
0.99301
0.99294
0.99287
0.99280
0.99272
0.99266
0.99259
0.99252
0.99246
0.99239
0.99233
0.99227
0.99221
0.99215
0.99210
0.99204
0.99199
0.99194
0.99189
0.99184
0.99179
0.99174
0.99170
0.99165
0.99161
0.99157
0.99153
0.99149
0.99146
0.99142
0.99139
0.99136
0.99133
0.99130
0.99127
0.99124
0.99122
0.99119
0.99117
0.99115
0.99113
0.99111
0.99110
0.99108
0.99107
0.99106
0.99105
0.99104
0.99103
0.99102
0.99102
0.99101
0.99101
0.99101
0.99101
0.99101
0.99101
0.99102
0.99102
0.99103
0.99104
0.99105
0.99106
0.99107
0.99108
0.99110
0.99111
0.99113
0.99115
0.99117
0.99119
0.99121
0.99123
0.99126
0.99128
0.99131
0.99134
0.99137
0.99140
0.99143
0.99146
0.99149
0.99153
0.99156
0.99160
0.99164
0.99168
0.99172
0.99176
0.99180
0.99184
0.99189
0.99193
0.99198
0.99202
0.99207
0.99212
0.99217
0.99222
0.99227
0.99232
0.99238
0.99243
0.99248
0.99254
0.99260
0.99265
0.99271
0.99277
0.99283
0.99289
0.99295
0.99301
0.99307
0.99313
0.99320
0.99326
0.99333
0.99339
0.99346
0.99352
0.99359
0.99366
0.99373
0.99380
0.99387
0.99394
0.99401
0.99408
0.99415
0.99422
0.99429
0.99436
0.99444
0.99451
0.99458
0.99466
0.99473
0.99480
0.99488
0.99495
0.99503
0.99510
0.99518
0.99526
0.99533
0.99541
0.99548
0.99556
0.99564
0.99572
0.99579
0.99587
0.99595
0.99602
0.99610
0.99618
0.99626
0.99633
0.99641
0.99649
0.99657
0.99664
0.99672
0.99680
0.99688
0.99695
0.99703
0.99711
0.99718
0.99726
0.99734
0.99741
0.99749
0.99757
0.99764
0.99772
0.99779
0.99787
0.99794
0.99802
0.99809
0.99817
0.99824
0.99831
0.99839
0.99846
0.99853
0.99860
0.99867
0.99875
0.99882
0.99889
0.99896
0.99903
0.99910
0.99916
0.99923
0.99930
0.99937
0.99944
0.99950
0.99957
0.99963
0.99970
0.99976
0.99983
0.99989
0.99995
1.00001
1.00008
1.00014
1.00020
1.00026
1.00032
1.00037
1.00043
1.00049
1.00055
1.00060
1.00066
1.00071
1.00077
1.00082
1.00087
1.00092
1.00098
1.00103
1.00108
1.00113
1.00117
1.00122
1.00127
1.00132
1.00136
1.00141
1.00145
1.00150
1.00154
1.00158
1.00162
1.00166
1.00170
1.00174
1.00178
1.00182
1.00185
1.00189
1.00193
1.00196
1.00199
1.00203
1.00206
1.00209
1.00212
1.00215
1.00218
1.00221
1.00224
1.00226
1.00229
1.00231
1.00234
1.00236
1.00238
1.00241
1.00243
1.00245
1.00247
1.00249
1.00250
1.00252
1.00254
1.00255
1.00257
1.00258
1.00260
1.00261
1.00262
1.00263
1.00264
1.00265
1.00266
1.00267
1.00268
1.00268
1.00269
1.00269
1.00270
1.00270
1.00270
1.00271
1.00271
1.00271
1.00271
1.00271
1.00271
1.00270
1.00270
1.00270
1.00269
1.00269
1.00268
1.00268
1.00267
1.00266
1.00265
1.00264
1.00263
1.00262
1.00261
1.00260
1.00259
1.00258
1.00256
1.00255
1.00253
1.00252
1.00250
1.00249
1.00247
1.00245
1.00243
1.00242
1.00240
1.00238
1.00236
1.00234
1.00231
1.00229
1.00227
1.00225
1.00222
1.00220
1.00217
1.00215
1.00212
1.00210
1.00207
1.00205
1.00202
1.00199
1.00196
1.00193
1.00191
1.00188
1.00185
1.00182
1.00179
1.00176
1.00172
1.00169
1.00166
1.00163
1.00160
1.00156
1.00153
1.00150
1.00146
1.00143
1.00139
1.00136
1.00132
1.00129
1.00125
1.00122
1.00118
1.00115
1.00111
1.00107
1.00104
1.00100
1.00096
1.00093
1.00089
1.00085
1.00081
1.00078
1.00074
1.00070
1.00066
1.00062
1.00058
1.00055
1.00051
1.00047
1.00043
1.00039
1.00035
1.00031
1.00027
1.00023
1.00020
1.00016
1.00012
1.00008
1.00004
1.00000
0.99996
0.99992
0.99988
0.99984
0.99981
0.99977
0.99973
0.99969
0.99965
0.99961
0.99957
0.99953
0.99950
0.99946
0.99942
0.99938
0.99934
0.99931
0.99927
0.99923
0.99919
0.99916
0.99912
0.99908
0.99905
0.99901
0.99898
0.99894
0.99890
0.99887
0.99883
0.99880
0.99876
0.99873
0.99869
0.99866
0.99863
0.99859
0.99856
0.99853
0.99849
0.99846
0.99843
0.99840
0.99837
0.99833
0.99830
0.99827
0.99824
0.99821
0.99818
0.99815
0.99812
0.99809
0.99807
0.99804
0.99801
0.99798
0.99796
0.99793
0.99790
0.99788
0.99785
0.99783
0.99780
0.99778
0.99775
0.99773
0.99770
0.99768
0.99766
0.99764
0.99762
0.99759
0.99757
0.99755
0.99753
0.99751
0.99749
0.99747
0.99745
0.99744
0.99742
0.99740
0.99738
0.99737
0.99735
0.99733
0.99732
0.99730
0.99729
0.99728
0.99726
0.99725
0.99724
0.99722
0.99721
0.99720
0.99719
0.99718
0.99717
0.99716
0.99715
0.99714
0.99713
0.99712
0.99711
0.99711
0.99710
0.99709
0.99709
0.99708
0.99708
0.99707
0.99707
0.99706
0.99706
0.99705
0.99705
0.99705
0.99705
0.99705
0.99704
0.99704
0.99704
0.99704
0.99704
0.99704
0.99705
0.99705
0.99705
0.99705
0.99705
0.99706
0.99706
0.99706
0.99707
0.99707
0.99708
0.99708
0.99709
0.99710
0.99710
0.99711
0.99712
0.99712
0.99713
0.99714
0.99715
0.99716
0.99717
0.99718
0.99718
0.99720
0.99721
0.99722
0.99723
0.99724
0.99725
0.99726
0.99728
0.99729
0.99730
0.99731
0.99733
0.99734
0.99736
0.99737
0.99738
0.99740
0.99741
0.99743
0.99745
0.99746
0.99748
0.99749
0.99751
0.99753
0.99754
0.99756
0.99758
0.99760
0.99762
0.99763
0.99765
0.99767
0.99769
0.99771
0.99773
0.99775
0.99777
0.99779
0.99781
0.99783
0.99785
0.99787
0.99789
0.99791
0.99793
0.99795
0.99797
0.99799
0.99801
0.99804
0.99806
0.99808
0.99810
0.99812
0.99815
0.99817
0.99819
0.99821
0.99823
0.99826
0.99828
0.99830
0.99833
0.99835
0.99837
0.99839
0.99842
0.99844
0.99846
0.99849
0.99851
0.99853
0.99856
0.99858
0.99860
0.99863
0.99865
0.99867
0.99869
0.99872
0.99874
0.99876
0.99879
0.99881
0.99883
0.99886
0.99888
0.99890
0.99893
0.99895
0.99897
0.99900
0.99902
0.99904
0.99906
0.99909
0.99911
0.99913
0.99915
0.99918
0.99920
0.99922
0.99924
0.99926
0.99929
0.99931
0.99933
0.99935
0.99937
0.99939
0.99941
0.99944
0.99946
0.99948
0.99950
0.99952
0.99954
0.99956
0.99958
0.99960
0.99962
0.99964
0.99966
0.99968
0.99970
0.99972
0.99974
0.99975
0.99977
0.99979
0.99981
0.99983
0.99984
0.99986
0.99988
0.99990
0.99991
0.99993
0.99995
0.99996
0.99998
1.00000
1.00001
1.00003
1.00004
1.00006
1.00008
1.00009
1.00011
1.00012
1.00013
1.00015
1.00016
1.00018
1.00019
1.00020
1.00022
1.00023
1.00024
1.00025
1.00027
1.00028
1.00029
1.00030
1.00031
1.00032
1.00033
1.00034
1.00036
1.00037
1.00038
1.00039
1.00039
1.00040
1.00041
1.00042
1.00043
1.00044
1.00045
1.00045
1.00046
1.00047
1.00048
1.00048
1.00049
1.00050
1.00050
1.00051
1.00051
1.00052
1.00053
1.00053
1.00054
1.00054
1.00054
1.00055
1.00055
1.00056
1.00056
1.00056
1.00057
1.00057
1.00057
1.00057
1.00058
1.00058
1.00058
1.00058
1.00058
1.00058
1.00058
1.00058
1.00059
1.00059
1.00059
1.00059
1.00058
1.00058
1.00058
1.00058
1.00058
1.00058
1.00058
1.00058
1.00057
1.00057
1.00057
1.00057
1.00056
1.00056
1.00056
1.00055
1.00055
1.00055
1.00054
1.00054
1.00054
1.00053
1.00053
1.00052
1.00052
1.00051
1.00051
1.00050
1.00049
1.00049
1.00048
1.00048
1.00047
1.00046
1.00046
1.00045
1.00044
1.00044
1.00043
1.00042
1.00042
1.00041
1.00040
1.00039
1.00039
1.00038
1.00037
1.00036
1.00035
1.00034
1.00034
1.00033
1.00032
1.00031
1.00030
1.00029
1.00028
1.00027
1.00026
1.00025
1.00024
1.00023
1.00022
1.00021
1.00020
1.00019
1.00018
1.00017
1.00016
1.00015
1.00014
1.00013
1.00012
1.00011
1.00010
1.00009
1.00008
1.00007
1.00006
1.00005
1.00004
1.00003
1.00002
1.00000
0.99999
0.99998
0.99997
0.99996
0.99995
0.99994
0.99993
0.99992
0.99990
0.99989
0.99988
0.99987
0.99986
0.99985
0.99984
0.99983
0.99981
0.99980
0.99979
0.99978
0.99977
0.99976
0.99975
0.99974
0.99973
0.99971
0.99970
0.99969
0.99968
0.99967
0.99966
0.99965
0.99964
0.99963
0.99962
0.99961
0.99959
0.99958
0.99957
0.99956
0.99955
0.99954
0.99953
0.99952
0.99951
0.99950
0.99949
0.99948
0.99947
0.99946
0.99945
0.99944
0.99943
0.99942
0.99941
0.99940
0.99939
0.99938
0.99937
0.99937
0.99936
0.99935
0.99934
0.99933
0.99932
0.99931
0.99930
0.99930
0.99929
0.99928
0.99927
0.99926
0.99925
0.99925
0.99924
0.99923
0.99922
0.99922
0.99921
0.99920
0.99919
0.99919
0.99918
0.99917
0.99917
0.99916
0.99915
0.99915
0.99914
0.99914
0.99913
0.99912
0.99912
0.99911
0.99911
0.99910
0.99910
0.99909
0.99909
0.99908
0.99908
0.99907
0.99907
0.99906
0.99906
0.99905
0.99905
0.99905
0.99904
0.99904
0.99903
0.99903
0.99903
0.99902
0.99902
0.99902
0.99902
0.99901
0.99901
0.99901
0.99901
0.99900
0.99900
0.99900
0.99900
0.99900
0.99899
0.99899
0.99899
0.99899
0.99899
0.99899
0.99899
0.99899
0.99898
0.99898
0.99898
0.99898
0.99898
0.99898
0.99898
0.99898
0.99898
0.99898
0.99898
0.99899
0.99899
0.99899
0.99899
0.99899
0.99899
0.99899
0.99899
0.99899
0.99900
0.99900
0.99900
0.99900
0.99900
0.99901
0.99901
0.99901
0.99901
0.99902
0.99902
0.99902
0.99902
0.99903
0.99903
0.99903
0.99904
0.99904
0.99904
0.99905
0.99905
0.99905
0.99906
0.99906
0.99907
0.99907
0.99907
0.99908
0.99908
0.99909
0.99909
0.99910
0.99910
0.99911
0.99911
0.99912
0.99912
0.99913
0.99913
0.99914
0.99914
0.99915
0.99915
0.99916
0.99916
0.99917
0.99917
0.99918
0.99919
0.99919
0.99920
0.99920
0.99921
0.99921
0.99922
0.99923
0.99923
0.99924
0.99925
0.99925
0.99926
0.99926
0.99927
0.99928
0.99928
0.99929
0.99930
0.99930
0.99931
0.99932
0.99932
0.99933
0.99934
0.99934
0.99935
0.99936
0.99936
0.99937
0.99938
0.99938
0.99939
0.99940
0.99941
0.99941
0.99942
0.99943
0.99943
0.99944
0.99945
0.99945
0.99946
0.99947
0.99948
0.99948
0.99949
0.99950
0.99950
0.99951
0.99952
0.99952
0.99953
0.99954
0.99955
0.99955
0.99956
0.99957
0.99957
0.99958
0.99959
0.99959
0.99960
0.99961
0.99962
0.99962
0.99963
0.99964
0.99964
0.99965
0.99966
0.99966
0.99967
0.99968
0.99968
0.99969
0.99970
0.99970
0.99971
0.99971
0.99972
0.99973
0.99973
0.99974
0.99975
0.99975
0.99976
0.99976
0.99977
0.99978
0.99978
0.99979
0.99979
0.99980
0.99981
0.99981
0.99982
0.99982
0.99983
0.99983
0.99984
0.99984
0.99985
0.99986
0.99986
0.99987
0.99987
0.99988
0.99988
0.99989
0.99989
0.99990
0.99990
0.99991
0.99991
0.99991
0.99992
0.99992
0.99993
0.99993
0.99994
0.99994
0.99994
0.99995
0.99995
0.99996
0.99996
0.99996
0.99997
0.99997
0.99998
0.99998
0.99998
0.99999
0.99999
0.99999
1.00000
1.00000
1.00000
1.00001
1.00001
1.00001
1.00001
1.00002
1.00002
1.00002
1.00003
1.00003
1.00003
1.00003
1.00004
1.00004
1.00004
1.00004
1.00004
1.00005
1.00005
1.00005
1.00005
1.00005
1.00005
1.00006
1.00006
1.00006
1.00006
1.00006
1.00006
1.00006
1.00006
1.00007
1.00007
1.00007
1.00007
1.00007
1.00007
1.00007
1.00007
1.00007
1.00007
1.00007
1.00007
1.00007
1.00007
1.00007
1.00007
1.00007
1.00007
1.00007
1.00007
1.00007
1.00007
1.00007
1.00007
1.00007
1.00007
1.00007
1.00007
1.00007
1.00007
1.00007
1.00007
1.00007
1.00006
1.00006
1.00006
1.00006
1.00006
1.00006
1.00006
1.00006
1.00005
1.00005
1.00005
1.00005
1.00005
1.00005
1.00005
1.00004
1.00004
1.00004
1.00004
1.00004
1.00003
1.00003
1.00003
1.00003
1.00003
1.00002
1.00002
1.00002
1.00002
1.00002
1.00001
1.00001
1.00001
1.00001
1.00000
1.00000
1.00000
1.00000
0.99999
0.99999
0.99999
0.99999
0.99998
0.99998
0.99998
0.99998
0.99997
0.99997
0.99997
0.99996
0.99996
0.99996
0.99996
0.99995
0.99995
0.99995
0.99994
0.99994
0.99994
0.99993
0.99993
0.99993
0.99993
0.99992
0.99992
0.99992
0.99991
0.99991
0.99991
0.99990
0.99990
0.99990
0.99989
0.99989
0.99989
0.99988
0.99988
0.99988
0.99988
0.99987
0.99987
0.99987
0.99986
0.99986
0.99986
0.99985
0.99985
0.99985
0.99984
0.99984
0.99984
0.99983
0.99983
0.99983
0.99983
0.99982
0.99982
0.99982
0.99981
0.99981
0.99981
0.99980
0.99980
0.99980
0.99979
0.99979
0.99979
0.99979
0.99978
0.99978
0.99978
0.99977
0.99977
0.99977
0.99977
0.99976
0.99976
0.99976
0.99975
0.99975
0.99975
0.99975
0.99974
0.99974
0.99974
0.99974
0.99973
0.99973
0.99973
0.99973
0.99972
0.99972
0.99972
0.99972
0.99971
0.99971
0.99971
0.99971
0.99970
0.99970
0.99970
0.99970
0.99970
0.99969
0.99969
0.99969
0.99969
0.99969
0.99968
0.99968
0.99968
0.99968
0.99968
0.99968
0.99967
0.99967
0.99967
0.99967
0.99967
0.99967
0.99966
0.99966
0.99966
0.99966
0.99966
0.99966
0.99966
0.99965
0.99965
0.99965
0.99965
0.99965
0.99965
0.99965
0.99965
0.99964
0.99964
0.99964
0.99964
0.99964
0.99964
0.99964
0.99964
0.99964
0.99964
0.99964
0.99964
0.99964
0.99964
0.99963
0.99963
0.99963
0.99963
0.99963
0.99963
0.99963
0.99963
0.99963
0.99963
0.99963
0.99963
0.99963
0.99963
0.99963
0.99963
0.99963
0.99963
0.99963
0.99963
0.99963
0.99963
0.99963
0.99963
0.99963
0.99963
0.99963
0.99963
0.99964
0.99964
0.99964
0.99964
0.99964
0.99964
0.99964
0.99964
0.99964
0.99964
0.99964
0.99964
0.99964
0.99964
0.99965
0.99965
0.99965
0.99965
0.99965
0.99965
0.99965
0.99965
0.99965
0.99966
0.99966
0.99966
0.99966
0.99966
0.99966
0.99966
0.99966
0.99967
0.99967
0.99967
0.99967
0.99967
0.99967
0.99967
0.99968
0.99968
0.99968
0.99968
0.99968
0.99968
0.99969
0.99969
0.99969
0.99969
0.99969
0.99969
0.99970
0.99970
0.99970
0.99970
0.99970
0.99970
0.99971
0.99971
0.99971
0.99971
0.99971
0.99972
0.99972
0.99972
0.99972
0.99972
0.99973
0.99973
0.99973
0.99973
0.99973
0.99974
0.99974
0.99974
0.99974
0.99974
0.99975
0.99975
0.99975
0.99975
0.99975
0.99976
0.99976
0.99976
0.99976
0.99977
0.99977
0.99977
0.99977
0.99977
0.99978
0.99978
0.99978
0.99978
0.99978
0.99979
0.99979
0.99979
0.99979
0.99980
0.99980
0.99980
0.99980
0.99980
0.99981
0.99981
0.99981
0.99981
0.99981
0.99982
0.99982
0.99982
0.99982
0.99983
0.99983
0.99983
0.99983
0.99983
0.99984
0.99984
0.99984
0.99984
0.99984
0.99985
0.99985
0.99985
0.99985
0.99985
0.99986
0.99986
0.99986
0.99986
0.99986
0.99987
0.99987
0.99987
0.99987
0.99987
0.99988
0.99988
0.99988
0.99988
0.99988
0.99988
0.99989
0.99989
0.99989
0.99989
0.99989
0.99990
0.99990
0.99990
0.99990
0.99990
0.99990
0.99991
0.99991
0.99991
0.99991
0.99991
0.99991
0.99991
0.99992
0.99992
0.99992
0.99992
0.99992
0.99992
0.99993
0.99993
0.99993
0.99993
0.99993
0.99993
0.99993
0.99993
0.99994
0.99994
0.99994
0.99994
0.99994
0.99994
0.99994
0.99994
0.99995
0.99995
0.99995
0.99995
0.99995
0.99995
0.99995
0.99995
0.99995
0.99995
0.99996
0.99996
0.99996
0.99996
0.99996
0.99996
0.99996
0.99996
0.99996
0.99996
0.99996
0.99996
0.99996
0.99997
0.99997
0.99997
0.99997
0.99997
0.99997
0.99997
0.99997
0.99997
0.99997
0.99997
0.99997
0.99997
0.99997
0.99997
0.99997
0.99997
0.99997
0.99997
0.99997
0.99997
0.99997
0.99997
0.99997
0.99997
0.99997
0.99997
0.99998
0.99998
0.99998
0.99998
0.99998
0.99998
0.99998
0.99998
0.99998
0.99998
0.99998
0.99998
0.99998
0.99998
0.99997
0.99997
0.99997
0.99997
0.99997
0.99997
0.99997
0.99997
0.99997
0.99997
0.99997
0.99997
0.99997
0.99997
0.99997
0.99997
0.99997
0.99997
0.99997
0.99997
0.99997
0.99997
0.99997
0.99997
0.99997
0.99997
0.99997
0.99997
0.99997
0.99996
0.99996
0.99996
0.99996
0.99996
0.99996
0.99996
0.99996
0.99996
0.99996
0.99996
0.99996
0.99996
0.99996
0.99996
0.99996
0.99995
0.99995
0.99995
0.99995
0.99995
0.99995
0.99995
0.99995
0.99995
0.99995
0.99995
0.99995
0.99995
0.99994
0.99994
0.99994
0.99994
0.99994
0.99994
0.99994
0.99994
0.99994
0.99994
0.99994
0.99994
0.99994
0.99993
0.99993
0.99993
0.99993
0.99993
0.99993
0.99993
0.99993
0.99993
0.99993
0.99993
0.99992
0.99992
0.99992
0.99992
0.99992
0.99992
0.99992
0.99992
0.99992
0.99992
0.99992
0.99992
0.99991
0.99991
0.99991
0.99991
0.99991
0.99991
0.99991
0.99991
0.99991
0.99991
0.99991
0.99991
0.99990
0.99990
0.99990
0.99990
0.99990
0.99990
0.99990
0.99990
0.99990
0.99990
0.99990
0.99990
0.99989
0.99989
0.99989
0.99989
0.99989
0.99989
0.99989
0.99989
0.99989
0.99989
0.99989
0.99989
0.99989
0.99989
0.99988
0.99988
0.99988
0.99988
0.99988
0.99988
0.99988
0.99988
0.99988
0.99988
0.99988
0.99988
0.99988
0.99988
0.99988
0.99987
0.99987
0.99987
0.99987
0.99987
0.99987
0.99987
0.99987
0.99987
0.99987
0.99987
0.99987
0.99987
0.99987
0.99987
0.99987
0.99987
0.99987
0.99987
0.99987
0.99987
0.99987
0.99986
0.99986
0.99986
0.99986
0.99986
0.99986
0.99986
0.99986
0.99986
0.99986
0.99986
0.99986
0.99986
0.99986
0.99986
0.99986
0.99986
0.99986
0.99986
0.99986
0.99986
0.99986
0.99986
0.99986
0.99986
0.99986
0.99986
0.99986
0.99986
0.99986
0.99986
0.99986
0.99986
0.99986
0.99986
0.99986
0.99986
0.99986
0.99986
0.99986
0.99986
0.99986
0.99986
0.99986
0.99986
0.99986
0.99986
0.99986
0.99986
0.99986
0.99986
0.99986
0.99986
0.99986
0.99986
0.99986
0.99986
0.99986
0.99986
0.99986
0.99986
0.99986
0.99986
0.99986
0.99986
0.99986
0.99986
0.99986
0.99986
0.99987
0.99987
0.99987
0.99987
0.99987
0.99987
0.99987
0.99987
0.99987
0.99987
0.99987
0.99987
0.99987
0.99987
0.99987
0.99987
0.99987
0.99987
0.99987
0.99987
0.99987
0.99987
0.99987
0.99987
0.99988
0.99988
0.99988
0.99988
0.99988
0.99988
0.99988
0.99988
0.99988
0.99988
0.99988
0.99988
0.99988
0.99988
0.99988
0.99988
0.99988
0.99988
0.99989
0.99989
0.99989
0.99989
0.99989
0.99989
0.99989
0.99989
0.99989
0.99989
0.99989
0.99989
0.99989
0.99989
0.99989
0.99989
0.99990
0.99990
0.99990
0.99990
0.99990
0.99990
0.99990
0.99990
0.99990
0.99990
0.99990
0.99990
0.99990
0.99990
0.99990
0.99991
0.99991
0.99991
0.99991
0.99991
0.99991
0.99991
0.99991
0.99991
0.99991
0.99991
0.99991
0.99991
0.99991
0.99992
0.99992
0.99992
0.99992
0.99992
0.99992
0.99992
0.99992
0.99992
0.99992
0.99992
0.99992
0.99992
0.99992
0.99992
0.99993
0.99993
0.99993
0.99993
0.99993
0.99993
0.99993
0.99993
0.99993
0.99993
0.99993
0.99993
0.99993
0.99993
0.99993
0.99993
0.99994
0.99994
0.99994
0.99994
0.99994
0.99994
0.99994
0.99994
0.99994
0.99994
0.99994
0.99994
0.99994
0.99994
0.99994
0.99994
0.99994
0.99995
0.99995
0.99995
0.99995
0.99995
0.99995
0.99995
0.99995
0.99995
0.99995
0.99995
0.99995
0.99995
0.99995
0.99995
0.99995
0.99995
0.99995
0.99995
0.99995
0.99995
0.99996
0.99996
0.99996
0.99996
0.99996
0.99996
0.99996
0.99996
0.99996
0.99996
0.99996
0.99996
0.99996
0.99996
0.99996
0.99996
0.99996
0.99996
0.99996
0.99996
0.99996
0.99996
0.99996
0.99996
0.99996
0.99996
0.99996
0.99996
0.99997
0.99997
0.99997
0.99997
0.99997
0.99997
0.99997
0.99997
0.99997
0.99997
0.99997
0.99997
0.99997
0.99997
0.99997
0.99997
0.99997
0.99997
0.99997
0.99997
0.99997
0.99997
0.99997
0.99997
0.99997
0.99997
0.99997
0.99997
0.99997
0.99997
0.99997
0.99997
0.99997
0.99997
0.99997
0.99997
0.99997
0.99997
0.99997
0.99997
0.99997
0.99997
0.99997
0.99997
0.99997
0.99997
0.99997
0.99997
0.99997
0.99997
0.99997
0.99997
0.99997
0.99997
0.99997
0.99997
0.99997
0.99997
0.99997
0.99997
0.99997
0.99997
0.99997
0.99997
0.99997
0.99997
0.99997
0.99997
0.99997
0.99997
0.99997
0.99997
0.99997
0.99997
0.99997
0.99997
0.99997
0.99997
0.99997
0.99997
0.99997
0.99997
0.99997
0.99997
0.99997
0.99997
0.99997
0.99997
0.99997
0.99997
0.99997
0.99997
0.99997
0.99997
0.99997
0.99997
0.99997
0.99997
0.99997
0.99997
0.99997
0.99997
0.99997
0.99997
0.99996
0.99996
0.99996
0.99996
0.99996
0.99996
0.99996
0.99996
0.99996
0.99996
0.99996
0.99996
0.99996
0.99996
0.99996
0.99996
0.99996
0.99996
0.99996
0.99996
0.99996
0.99996
0.99996
0.99996
0.99996
0.99996
0.99996
0.99996
0.99996
0.99996
0.99996
0.99996
0.99996
0.99996
0.99996
0.99996
0.99996
0.99996
0.99996
0.99996
0.99996
0.99996
0.99996
0.99996
0.99996
0.99996
0.99995
0.99995
0.99995
0.99995
0.99995
0.99995
0.99995
0.99995
0.99995
0.99995
0.99995
0.99995
0.99995
0.99995
0.99995
0.99995
0.99995
0.99995
0.99995
0.99995
0.99995
0.99995
0.99995
0.99995
0.99995
0.99995
0.99995
0.99995
0.99995
0.99995
0.99995
0.99995
0.99995
0.99995
0.99995
0.99995
0.99995
0.99995
0.99995
0.99995
0.99995
0.99995
0.99995
0.99995
0.99995
0.99995
0.99995
0.99995
0.99995
0.99995
0.99995
0.99995
0.99995
0.99995
0.99995
0.99995
0.99995
0.99994
0.99994
0.99994
0.99994
0.99994
0.99994
0.99994
0.99994
0.99994
0.99994
0.99994
0.99994
0.99994
0.99994
0.99994
0.99994
0.99994
0.99994
0.99994
0.99994
0.99994
0.99994
0.99994
0.99994
0.99994
0.99994
0.99994
0.99994
0.99994
0.99994
0.99994
0.99994
0.99994
0.99994
0.99994
0.99994
0.99994
0.99994
0.99994
0.99994
0.99994
0.99994
0.99994
0.99994
0.99994
0.99994
0.99994
0.99994
0.99994
0.99994
0.99994
0.99994
0.99994
0.99994
0.99994
0.99994
0.99994
0.99994
0.99994
0.99994
0.99994
0.99994
0.99994
0.99994
0.99994
0.99994
0.99994
0.99994
0.99994
0.99994
0.99994
0.99994
0.99994
0.99995
0.99995
0.99995
0.99995
0.99995
0.99995
0.99995
0.99995
0.99995
0.99995
0.99995
0.99995
0.99995
0.99995
0.99995
0.99995
0.99995
0.99995
0.99995
0.99995
0.99995
0.99995
0.99995
0.99995
0.99995
0.99995
0.99995
0.99995
0.99995
0.99995
0.99995
0.99995
0.99995
0.99995
0.99995
0.99995
0.99995
0.99995
0.99995
0.99995
0.99995
0.99995
0.99995
0.99995
0.99995
0.99995
0.99995
0.99995
0.99995
0.99995
0.99995
0.99995
0.99995
0.99995
0.99995
0.99995
0.99995
0.99995
0.99995
0.99995
0.99996
0.99996
0.99996
0.99996
0.99996
0.99996
0.99996
0.99996
0.99996
0.99996
0.99996
0.99996
0.99996
0.99996
0.99996
0.99996
0.99996
0.99996
0.99996
0.99996
0.99996
0.99996
0.99996
0.99996
0.99996
0.99996
0.99996
0.99996
0.99996
0.99996
0.99996
0.99996
0.99996
0.99996
0.99996
0.99996
0.99996
0.99996
0.99996
0.99996
0.99996
0.99996
0.99996
0.99996
0.99996
0.99996
0.99997
0.99997
0.99997
0.99997
0.99997
0.99997
0.99997
0.99997
0.99997
0.99997
0.99997
0.99997
0.99997
0.99997
0.99997
0.99997
0.99997
0.99997
0.99997
0.99997
0.99997
0.99997
0.99997
0.99997
0.99997
0.99997
0.99997
0.99997
0.99997
0.99997
0.99997
0.99997
0.99997
0.99997
0.99997
0.99997
0.99997
0.99997
0.99997
0.99997
0.99997
0.99997
0.99997
0.99997
0.99997
0.99997
0.99997
0.99997
0.99997
0.99997
0.99997
0.99997
0.99997
0.99998
0.99998
0.99998
0.99998
0.99998
0.99998
0.99998
0.99998
0.99998
0.99998
0.99998
0.99998
0.99998
0.99998
0.99998
0.99998
0.99998
0.99998
0.99998
0.99998
0.99998
0.99998
0.99998
0.99998
0.99998
0.99998
0.99998
0.99998
0.99998
0.99998
0.99998
0.99998
0.99998
0.99998
0.99998
0.99998
0.99998
0.99998
0.99998
0.99998
0.99998
0.99998
0.99998
0.99998
0.99998
0.99998
0.99998
0.99998
0.99998
0.99998
0.99998
0.99998
0.99998
0.99998
0.99998
0.99998
0.99998
0.99998
0.99998
0.99998
0.99998
0.99998
0.99998
0.99998
0.99998
0.99998
0.99998
0.99998
0.99998
0.99998
0.99998
0.99998
0.99998
0.99998
0.99998
0.99998
0.99998
0.99998
0.99998
0.99998
0.99998
0.99998
0.99998
0.99998
0.99998
0.99998
0.99998
0.99998
0.99998
0.99998
0.99998
0.99998
0.99998
0.99998
0.99998
0.99998
0.99998
0.99998
0.99998
0.99998
0.99998
0.99998
0.99998
0.99998
0.99998
0.99998
0.99998
0.99998
0.99998
0.99998
0.99998
0.99998
0.99998
0.99998
0.99998
0.99998
0.99998
0.99998
0.99998
0.99998
0.99998
0.99998
0.99998
0.99998
0.99998
0.99998
0.99998
0.99998
0.99998
0.99998
0.99998
0.99998
0.99998
0.99998
0.99998
0.99998
0.99998
0.99998
0.99998
0.99998
0.99998
0.99998
0.99998
0.99998
0.99998
0.99998
0.99998
0.99998
0.99998
0.99998
0.99998
0.99998
0.99998
0.99998
0.99998
0.99998
0.99998
0.99998
0.99998
0.99998
0.99998
0.99998
0.99998
0.99998
0.99998
0.99998
0.99998
0.99998
0.99998
0.99998
0.99998
0.99998
0.99998
0.99998
0.99998
0.99998
0.99998
0.99998
0.99998
0.99998
0.99998
0.99998
0.99998
0.99998
0.99998
0.99998
0.99998
0.99998
0.99998
0.99998
0.99998
0.99998
0.99998
0.99998
0.99998
0.99998
0.99998
0.99998
0.99998
0.99998
0.99998
0.99998
0.99998
0.99998
0.99998
0.99998
0.99998
0.99998
0.99998
0.99998
0.99998
0.99998
0.99998
0.99998
0.99998
0.99998
0.99998
0.99998
0.99998
0.99998
0.99998
0.99998
0.99998
0.99998
0.99998
0.99998
0.99998
0.99998
0.99998
0.99998
0.99998
0.99998
0.99998
0.99998
0.99998
0.99998
0.99998
0.99998
0.99998
0.99998
0.99998
0.99998
0.99998
0.99998
0.99998
0.99998
0.99998
0.99998
0.99998
0.99998
0.99998
0.99998
0.99998
0.99998
0.99998
0.99998
0.99998
0.99998
0.99998
0.99998
0.99998
0.99998
0.99998
0.99998
0.99998
0.99998
0.99998
0.99998
0.99998
0.99998
0.99998
0.99998
0.99998
0.99998
0.99998
0.99998
0.99998
0.99998
0.99998
0.99998
0.99998
0.99998
0.99998
0.99998
0.99998
0.99998
0.99998
0.99998
0.99998
0.99998
0.99998
0.99998
0.99998
0.99998
0.99998
0.99998
0.99998
0.99998
0.99998
0.99998
0.99998
0.99998
0.99998
0.99998
0.99998
0.99998
0.99998
0.99998
0.99998
0.99998
0.99998
0.99998
0.99998
0.99998
0.99998
0.99998
0.99998
0.99998
0.99998
0.99998
0.99998
0.99998
0.99998
0.99998
0.99998
0.99998
0.99998
0.99998
0.99998
0.99998
0.99998
0.99998
0.99998
0.99998
0.99998
0.99998
0.99998
0.99998
0.99998
0.99998
0.99998
0.99998
0.99998
0.99998
0.99998
0.99998
0.99998
0.99998
0.99998
0.99998
0.99998
0.99998
0.99998
0.99998
0.99998
0.99998
0.99998
0.99998
0.99998
0.99998
0.99998
0.99998
0.99998
0.99998
0.99998
0.99998
0.99998
0.99998
0.99998
0.99998
0.99998
0.99998
0.99998
0.99998
0.99998
0.99998
0.99998
0.99998
0.99998
0.99998
0.99998
0.99998
0.99998
0.99998
0.99998
0.99998
0.99998
0.99998
0.99998
0.99998
0.99998
0.99998
0.99998
0.99998
0.99998
0.99998
0.99998
0.99998
0.99998
0.99998
0.99998
0.99998
0.99998
0.99998
0.99998
0.99998
0.99998
0.99998
0.99998
0.99998
0.99998
0.99998
0.99998
0.99998
0.99998
0.99998
0.99998
0.99998
0.99998
0.99998
0.99998
0.99998
0.99998
0.99998
0.99998
0.99998
0.99998
0.99998
0.99998
0.99998
0.99998
0.99998
0.99998
0.99999
0.99999
0.99999
0.99999
0.99999
0.99999
0.99999
0.99999
0.99999
0.99999
0.99999
0.99999
0.99999
0.99999
0.99999
0.99999
0.99999
0.99999
0.99999
0.99999
0.99999
0.99999
0.99999
0.99999
0.99999
0.99999
0.99999
0.99999
0.99999
0.99999
0.99999
0.99999
0.99999
0.99999
0.99999
0.99999
0.99999
0.99999
0.99999
0.99999
0.99999
0.99999
0.99999
0.99999
0.99999
0.99999
0.99999
0.99999
0.99999
0.99999
0.99999
0.99999
0.99999
0.99999
0.99999
0.99999
0.99999
0.99999
0.99999
0.99999
0.99999
0.99999
0.99999
0.99999
0.99999
0.99999
0.99999
0.99999
0.99999
0.99999
0.99999
0.99999
0.99999
0.99999
0.99999
0.99999
0.99999
0.99999
0.99999
0.99999
0.99999
0.99999
0.99999
0.99999
0.99999
0.99999
0.99999
0.99999
0.99999
0.99999
0.99999
0.99999
0.99999
0.99999
0.99999
0.99999
0.99999
0.99999
0.99999
0.99999
0.99999
0.99999
0.99999
0.99999
0.99999
0.99999
0.99999
0.99999
0.99999
0.99999
0.99999
0.99999
0.99999
0.99999
0.99999
0.99999
0.99999
0.99999
0.99999
0.99999
0.99999
0.99999
0.99999
0.99999
0.99999
0.99999
0.99999
0.99999
0.99999
0.99999
0.99999
0.99999
0.99999
0.99999
0.99999
0.99999
0.99999
0.99999
0.99999
0.99999
0.99999
0.99999
0.99999
0.99999
0.99999
0.99999
0.99999
0.99999
0.99999
0.99999
0.99999
0.99999
0.99999
0.99999
0.99999
0.99999
0.99999
0.99999
