0.00000
0.00000
0.00018
0.00053
0.00106
0.00177
0.00264
0.00369
0.00491
0.00630
0.00786
0.00958
0.01147
0.01352
0.01574
0.01811
0.02064
0.02334
0.02618
0.02918
0.03234
0.03565
0.03910
0.04271
0.04646
0.05035
0.05439
0.05857
0.06289
0.06735
0.07194
0.07667
0.08154
0.08653
0.09165
0.09690
0.10227
0.10777
0.11339
0.11913
0.12499
0.13097
0.13706
0.14326
0.14957
0.15599
0.16252
0.16915
0.17589
0.18273
0.18966
0.19669
0.20382
0.21104
0.21835
0.22575
0.23324
0.24081
0.24847
0.25621
0.26402
0.27192
0.27989
0.28793
0.29604
0.30422
0.31247
0.32078
0.32916
0.33760
0.34610
0.35465
0.36326
0.37192
0.38064
0.38940
0.39821
0.40706
0.41596
0.42490
0.43388
0.44290
0.45195
0.46103
0.47015
0.47929
0.48846
0.49766
0.50688
0.51613
0.52539
0.53467
0.54397
0.55328
0.56261
0.57194
0.58128
0.59063
0.59999
0.60935
0.61871
0.62806
0.63742
0.64677
0.65612
0.66546
0.67479
0.68411
0.69342
0.70271
0.71198
0.72124
0.73048
0.73970
0.74890
0.75807
0.76721
0.77633
0.78542
0.79448
0.80351
0.81250
0.82146
0.83038
0.83926
0.84811
0.85691
0.86567
0.87439
0.88306
0.89169
0.90027
0.90880
0.91728
0.92570
0.93408
0.94240
0.95066
0.95887
0.96702
0.97512
0.98315
0.99112
0.99903
1.00687
1.01465
1.02236
1.03001
1.03759
1.04510
1.05254
1.05991
1.06721
1.07444
1.08159
1.08867
1.09567
1.10260
1.10945
1.11622
1.12292
1.12953
1.13607
1.14252
1.14889
1.15518
1.16139
1.16751
1.17355
1.17951
1.18538
1.19116
1.19686
1.20247
1.20800
1.21343
1.21878
1.22404
1.22921
1.23429
1.23928
1.24418
1.24899
1.25371
1.25833
1.26287
1.26731
1.27166
1.27592
1.28009
1.28416
1.28814
1.29203
1.29582
1.29952
1.30313
1.30664
1.31006
1.31339
1.31662
1.31976
1.32281
1.32576
1.32861
1.33138
1.33405
1.33663
1.33911
1.34150
1.34380
1.34601
1.34812
1.35014
1.35207
1.35391
1.35565
1.35730
1.35887
1.36034
1.36172
1.36301
1.36421
1.36532
1.36634
1.36727
1.36812
1.36888
1.36955
1.37013
1.37062
1.37103
1.37136
1.37160
1.37175
1.37182
1.37181
1.37171
1.37153
1.37127
1.37092
1.37050
1.37000
1.36941
1.36875
1.36801
1.36719
1.36630
1.36533
1.36428
1.36316
1.36197
1.36070
1.35935
1.35794
1.35646
1.35490
1.35327
1.35158
1.34982
1.34799
1.34609
1.34413
1.34210
1.34001
1.33785
1.33563
1.33336
1.33101
1.32861
1.32615
1.32364
1.32106
1.31843
1.31574
1.31300
1.31020
1.30735
1.30445
1.30149
1.29849
1.29543
1.29233
1.28918
1.28598
1.28274
1.27945
1.27612
1.27275
1.26933
1.26587
1.26237
1.25884
1.25526
1.25165
1.24799
1.24431
1.24059
1.23683
1.23305
1.22923
1.22538
1.22150
1.21759
1.21365
1.20968
1.20569
1.20168
1.19764
1.19357
1.18949
1.18538
1.18125
1.17710
1.17293
1.16875
1.16455
1.16033
1.15609
1.15185
1.14759
1.14331
1.13903
1.13473
1.13043
1.12611
1.12179
1.11746
1.11313
1.10879
1.10444
1.10009
1.09574
1.09139
1.08703
1.08268
1.07832
1.07397
1.06962
1.06527
1.06093
1.05659
1.05226
1.04793
1.04361
1.03930
1.03500
1.03071
1.02642
1.02215
1.01789
1.01364
1.00941
1.00519
1.00098
0.99679
0.99262
0.98846
0.98432
0.98020
0.97609
0.97201
0.96794
0.96390
0.95988
0.95588
0.95190
0.94795
0.94402
0.94011
0.93623
0.93238
0.92855
0.92475
0.92097
0.91723
0.91351
0.90982
0.90616
0.90253
0.89893
0.89536
0.89183
0.88832
0.88485
0.88141
0.87800
0.87463
0.87129
0.86799
0.86472
0.86149
0.85829
0.85513
0.85201
0.84892
0.84587
0.84286
0.83988
0.83695
0.83405
0.83119
0.82837
0.82559
0.82285
0.82015
0.81749
0.81487
0.81230
0.80976
0.80726
0.80481
0.80240
0.80002
0.79770
0.79541
0.79316
0.79096
0.78880
0.78669
0.78461
0.78258
0.78060
0.77865
0.77675
0.77490
0.77308
0.77132
0.76959
0.76791
0.76627
0.76467
0.76312
0.76162
0.76015
0.75874
0.75736
0.75603
0.75474
0.75350
0.75230
0.75114
0.75003
0.74896
0.74794
0.74695
0.74601
0.74512
0.74427
0.74346
0.74269
0.74197
0.74128
0.74065
0.74005
0.73950
0.73898
0.73851
0.73808
0.73770
0.73735
0.73705
0.73678
0.73656
0.73638
0.73623
0.73613
0.73607
0.73604
0.73606
0.73611
0.73621
0.73634
0.73651
0.73672
0.73696
0.73725
0.73757
0.73792
0.73832
0.73875
0.73921
0.73971
0.74025
0.74082
0.74143
0.74207
0.74274
0.74345
0.74419
0.74496
0.74577
0.74661
0.74748
0.74838
0.74931
0.75027
0.75127
0.75229
0.75334
0.75442
0.75554
0.75667
0.75784
0.75903
0.76026
0.76150
0.76278
0.76408
0.76540
0.76675
0.76813
0.76953
0.77095
0.77240
0.77387
0.77536
0.77688
0.77841
0.77997
0.78155
0.78315
0.78477
0.78640
0.78806
0.78974
0.79143
0.79314
0.79487
0.79662
0.79838
0.80016
0.80195
0.80376
0.80558
0.80742
0.80927
0.81114
0.81302
0.81491
0.81681
0.81873
0.82065
0.82259
0.82453
0.82649
0.82846
0.83043
0.83242
0.83441
0.83641
0.83841
0.84043
0.84245
0.84447
0.84650
0.84854
0.85058
0.85263
0.85468
0.85673
0.85879
0.86085
0.86291
0.86497
0.86704
0.86910
0.87117
0.87323
0.87530
0.87737
0.87943
0.88149
0.88356
0.88562
0.88767
0.88973
0.89178
0.89383
0.89587
0.89791
0.89995
0.90198
0.90400
0.90602
0.90804
0.91004
0.91204
0.91404
0.91602
0.91800
0.91997
0.92193
0.92389
0.92583
0.92776
0.92969
0.93160
0.93351
0.93540
0.93729
0.93916
0.94102
0.94287
0.94471
0.94654
0.94835
0.95015
0.95194
0.95371
0.95547
0.95722
0.95895
0.96067
0.96238
0.96407
0.96574
0.96740
0.96905
0.97068
0.97229
0.97389
0.97547
0.97703
0.97858
0.98012
0.98163
0.98313
0.98461
0.98607
0.98752
0.98895
0.99036
0.99175
0.99312
0.99448
0.99582
0.99713
0.99843
0.99972
1.00098
1.00222
1.00344
1.00465
1.00583
1.00700
1.00815
1.00927
1.01038
1.01147
1.01253
1.01358
1.01461
1.01561
1.01660
1.01757
1.01851
1.01944
1.02035
1.02123
1.02210
1.02294
1.02376
1.02457
1.02535
1.02611
1.02685
1.02757
1.02828
1.02896
1.02961
1.03025
1.03087
1.03147
1.03205
1.03260
1.03314
1.03366
1.03415
1.03463
1.03508
1.03552
1.03593
1.03633
1.03670
1.03706
1.03739
1.03771
1.03800
1.03828
1.03853
1.03877
1.03899
1.03918
1.03936
1.03952
1.03966
1.03978
1.03988
1.03996
1.04003
1.04007
1.04010
1.04011
1.04010
1.04007
1.04003
1.03997
1.03988
1.03979
1.03967
1.03954
1.03939
1.03922
1.03904
1.03883
1.03862
1.03838
1.03813
1.03787
1.03758
1.03729
1.03697
1.03664
1.03630
1.03594
1.03556
1.03517
1.03477
1.03435
1.03392
1.03347
1.03301
1.03254
1.03205
1.03155
1.03103
1.03051
1.02996
1.02941
1.02885
1.02827
1.02768
1.02708
1.02646
1.02584
1.02520
1.02456
1.02390
1.02323
1.02255
1.02186
1.02116
1.02046
1.01974
1.01901
1.01827
1.01752
1.01677
1.01601
1.01523
1.01445
1.01366
1.01287
1.01206
1.01125
1.01043
1.00961
1.00878
1.00794
1.00709
1.00624
1.00538
1.00452
1.00365
1.00278
1.00190
1.00101
1.00012
0.99923
0.99833
0.99743
0.99653
0.99562
0.99470
0.99379
0.99287
0.99195
0.99102
0.99009
0.98916
0.98823
0.98730
0.98636
0.98542
0.98449
0.98355
0.98261
0.98166
0.98072
0.97978
0.97884
0.97789
0.97695
0.97601
0.97507
0.97413
0.97319
0.97225
0.97131
0.97037
0.96944
0.96850
0.96757
0.96664
0.96572
0.96479
0.96387
0.96295
0.96203
0.96112
0.96021
0.95930
0.95840
0.95750
0.95661
0.95571
0.95483
0.95394
0.95306
0.95219
0.95132
0.95045
0.94959
0.94874
0.94789
0.94705
0.94621
0.94537
0.94455
0.94373
0.94291
0.94210
0.94130
0.94050
0.93971
0.93893
0.93815
0.93738
0.93662
0.93586
0.93511
0.93437
0.93364
0.93291
0.93219
0.93148
0.93077
0.93008
0.92939
0.92871
0.92804
0.92737
0.92671
0.92607
0.92543
0.92479
0.92417
0.92356
0.92295
0.92235
0.92177
0.92119
0.92062
0.92005
0.91950
0.91896
0.91842
0.91790
0.91738
0.91687
0.91637
0.91588
0.91541
0.91493
0.91447
0.91402
0.91358
0.91315
0.91272
0.91231
0.91191
0.91151
0.91113
0.91075
0.91039
0.91003
0.90968
0.90934
0.90902
0.90870
0.90839
0.90809
0.90780
0.90752
0.90725
0.90699
0.90674
0.90650
0.90627
0.90605
0.90584
0.90563
0.90544
0.90526
0.90508
0.90492
0.90476
0.90461
0.90448
0.90435
0.90423
0.90412
0.90402
0.90393
0.90385
0.90378
0.90371
0.90366
0.90361
0.90358
0.90355
0.90353
0.90352
0.90352
0.90353
0.90354
0.90357
0.90360
0.90364
0.90369
0.90375
0.90382
0.90389
0.90397
0.90406
0.90416
0.90427
0.90438
0.90451
0.90464
0.90477
0.90492
0.90507
0.90523
0.90540
0.90557
0.90575
0.90594
0.90614
0.90634
0.90655
0.90677
0.90699
0.90722
0.90746
0.90770
0.90795
0.90821
0.90847
0.90874
0.90901
0.90929
0.90958
0.90987
0.91017
0.91047
0.91078
0.91109
0.91141
0.91174
0.91207
0.91240
0.91274
0.91308
0.91343
0.91379
0.91414
0.91451
0.91487
0.91525
0.91562
0.91600
0.91638
0.91677
0.91716
0.91756
0.91796
0.91836
0.91876
0.91917
0.91958
0.92000
0.92042
0.92084
0.92126
0.92169
0.92212
0.92255
0.92298
0.92342
0.92386
0.92430
0.92474
0.92519
0.92564
0.92608
0.92653
0.92699
0.92744
0.92789
0.92835
0.92881
0.92927
0.92973
0.93019
0.93065
0.93111
0.93157
0.93204
0.93250
0.93296
0.93343
0.93389
0.93436
0.93482
0.93529
0.93575
0.93622
0.93668
0.93715
0.93761
0.93807
0.93853
0.93900
0.93946
0.93992
0.94038
0.94083
0.94129
0.94175
0.94220
0.94265
0.94311
0.94356
0.94401
0.94445
0.94490
0.94534
0.94578
0.94622
0.94666
0.94710
0.94753
0.94796
0.94839
0.94882
0.94924
0.94966
0.95008
0.95050
0.95092
0.95133
0.95174
0.95214
0.95255
0.95295
0.95335
0.95374
0.95413
0.95452
0.95491
0.95529
0.95567
0.95604
0.95641
0.95678
0.95715
0.95751
0.95787
0.95822
0.95857
0.95892
0.95926
0.95960
0.95994
0.96027
0.96060
0.96092
0.96125
0.96156
0.96187
0.96218
0.96249
0.96279
0.96308
0.96338
0.96366
0.96395
0.96423
0.96450
0.96477
0.96504
0.96530
0.96556
0.96582
0.96607
0.96631
0.96655
0.96679
0.96702
0.96725
0.96747
0.96769
0.96790
0.96811
0.96832
0.96852
0.96872
0.96891
0.96909
0.96928
0.96946
0.96963
0.96980
0.96996
0.97012
0.97028
0.97043
0.97058
0.97072
0.97086
0.97099
0.97112
0.97124
0.97136
0.97148
0.97159
0.97169
0.97180
0.97189
0.97199
0.97208
0.97216
0.97224
0.97232
0.97239
0.97245
0.97252
0.97258
0.97263
0.97268
0.97273
0.97277
0.97281
0.97284
0.97287
0.97289
0.97291
0.97293
0.97294
0.97295
0.97296
0.97296
0.97296
0.97295
0.97294
0.97292
0.97290
0.97288
0.97286
0.97283
0.97279
0.97276
0.97272
0.97267
0.97263
0.97257
0.97252
0.97246
0.97240
0.97234
0.97227
0.97220
0.97212
0.97204
0.97196
0.97188
0.97179
0.97170
0.97161
0.97151
0.97141
0.97131
0.97121
0.97110
0.97099
0.97088
0.97076
0.97064
0.97052
0.97040
0.97027
0.97014
0.97001
0.96988
0.96974
0.96960
0.96946
0.96932
0.96918
0.96903
0.96888
0.96873
0.96858
0.96842
0.96827
0.96811
0.96795
0.96778
0.96762
0.96745
0.96729
0.96712
0.96695
0.96678
0.96660
0.96643
0.96625
0.96608
0.96590
0.96572
0.96554
0.96535
0.96517
0.96499
0.96480
0.96462
0.96443
0.96424
0.96405
0.96386
0.96367
0.96348
0.96329
0.96310
0.96291
0.96271
0.96252
0.96232
0.96213
0.96194
0.96174
0.96155
0.96135
0.96115
0.96096
0.96076
0.96057
0.96037
0.96017
0.95998
0.95978
0.95959
0.95939
0.95920
0.95900
0.95881
0.95861
0.95842
0.95822
0.95803
0.95784
0.95765
0.95746
0.95726
0.95707
0.95688
0.95670
0.95651
0.95632
0.95613
0.95595
0.95576
0.95558
0.95540
0.95521
0.95503
0.95485
0.95467
0.95450
0.95432
0.95414
0.95397
0.95380
0.95362
0.95345
0.95328
0.95312
0.95295
0.95278
0.95262
0.95246
0.95230
0.95214
0.95198
0.95182
0.95167
0.95151
0.95136
0.95121
0.95106
0.95091
0.95077
0.95062
0.95048
0.95034
0.95020
0.95007
0.94993
0.94980
0.94967
0.94954
0.94941
0.94928
0.94916
0.94904
0.94892
0.94880
0.94868
0.94857
0.94845
0.94834
0.94824
0.94813
0.94802
0.94792
0.94782
0.94772
0.94763
0.94753
0.94744
0.94735
0.94726
0.94717
0.94709
0.94701
0.94693
0.94685
0.94677
0.94670
0.94663
0.94656
0.94649
0.94642
0.94636
0.94630
0.94624
0.94618
0.94613
0.94608
0.94602
0.94598
0.94593
0.94588
0.94584
0.94580
0.94576
0.94573
0.94569
0.94566
0.94563
0.94560
0.94558
0.94556
0.94553
0.94551
0.94550
0.94548
0.94547
0.94546
0.94545
0.94544
0.94543
0.94543
0.94543
0.94543
0.94543
0.94544
0.94544
0.94545
0.94546
0.94547
0.94549
0.94550
0.94552
0.94554
0.94556
0.94558
0.94561
0.94564
0.94567
0.94570
0.94573
0.94576
0.94580
0.94583
0.94587
0.94591
0.94596
0.94600
0.94605
0.94609
0.94614
0.94619
0.94624
0.94630
0.94635
0.94641
0.94647
0.94652
0.94659
0.94665
0.94671
0.94678
0.94684
0.94691
0.94698
0.94705
0.94712
0.94720
0.94727
0.94735
0.94742
0.94750
0.94758
0.94766
0.94774
0.94782
0.94791
0.94799
0.94808
0.94816
0.94825
0.94834
0.94843
0.94852
0.94861
0.94871
0.94880
0.94889
0.94899
0.94908
0.94918
0.94928
0.94938
0.94948
0.94958
0.94968
0.94978
0.94988
0.94998
0.95009
0.95019
0.95029
0.95040
0.95050
0.95061
0.95072
0.95082
0.95093
0.95104
0.95115
0.95126
0.95136
0.95147
0.95158
0.95169
0.95180
0.95191
0.95202
0.95214
0.95225
0.95236
0.95247
0.95258
0.95269
0.95280
0.95292
0.95303
0.95314
0.95325
0.95336
0.95348
0.95359
0.95370
0.95381
0.95392
0.95404
0.95415
0.95426
0.95437
0.95448
0.95459
0.95470
0.95481
0.95492
0.95503
0.95514
0.95525
0.95536
0.95547
0.95558
0.95569
0.95579
0.95590
0.95601
0.95611
0.95622
0.95633
0.95643
0.95654
0.95664
0.95674
0.95685
0.95695
0.95705
0.95715
0.95725
0.95735
0.95745
0.95755
0.95765
0.95775
0.95785
0.95794
0.95804
0.95813
0.95823
0.95832
0.95841
0.95851
0.95860
0.95869
0.95878
0.95887
0.95896
0.95904
0.95913
0.95922
0.95930
0.95939
0.95947
0.95955
0.95963
0.95971
0.95979
0.95987
0.95995
0.96003
0.96011
0.96018
0.96026
0.96033
0.96040
0.96048
0.96055
0.96062
0.96069
0.96075
0.96082
0.96089
0.96095
0.96102
0.96108
0.96114
0.96121
0.96127
0.96133
0.96138
0.96144
0.96150
0.96156
0.96161
0.96166
0.96172
0.96177
0.96182
0.96187
0.96192
0.96197
0.96201
0.96206
0.96210
0.96215
0.96219
0.96223
0.96227
0.96231
0.96235
0.96239
0.96243
0.96246
0.96250
0.96253
0.96256
0.96260
0.96263
0.96266
0.96269
0.96271
0.96274
0.96277
0.96279
0.96282
0.96284
0.96286
0.96288
0.96290
0.96292
0.96294
0.96296
0.96298
0.96299
0.96301
0.96302
0.96304
0.96305
0.96306
0.96307
0.96308
0.96309
0.96310
0.96311
0.96311
0.96312
0.96312
0.96313
0.96313
0.96313
0.96313
0.96313
0.96313
0.96313
0.96313
0.96313
0.96313
0.96312
0.96312
0.96311
0.96310
0.96310
0.96309
0.96308
0.96307
0.96306
0.96305
0.96304
0.96303
0.96302
0.96301
0.96299
0.96298
0.96296
0.96295
0.96293
0.96292
0.96290
0.96288
0.96286
0.96284
0.96282
0.96281
0.96278
0.96276
0.96274
0.96272
0.96270
0.96268
0.96265
0.96263
0.96260
0.96258
0.96256
0.96253
0.96250
0.96248
0.96245
0.96242
0.96240
0.96237
0.96234
0.96231
0.96229
0.96226
0.96223
0.96220
0.96217
0.96214
0.96211
0.96208
0.96205
0.96202
0.96198
0.96195
0.96192
0.96189
0.96186
0.96183
0.96179
0.96176
0.96173
0.96169
0.96166
0.96163
0.96160
0.96156
0.96153
0.96150
0.96146
0.96143
0.96140
0.96136
0.96133
0.96129
0.96126
0.96123
0.96119
0.96116
0.96113
0.96109
0.96106
0.96103
0.96099
0.96096
0.96093
0.96089
0.96086
0.96083
0.96079
0.96076
0.96073
0.96070
0.96066
0.96063
0.96060
0.96057
0.96053
0.96050
0.96047
0.96044
0.96041
0.96038
0.96035
0.96032
0.96029
0.96026
0.96023
0.96020
0.96017
0.96014
0.96011
0.96008
0.96005
0.96003
0.96000
0.95997
0.95994
0.95992
0.95989
0.95986
0.95984
0.95981
0.95979
0.95976
0.95974
0.95971
0.95969
0.95967
0.95964
0.95962
0.95960
0.95958
0.95956
0.95953
0.95951
0.95949
0.95947
0.95945
0.95943
0.95942
0.95940
0.95938
0.95936
0.95934
0.95933
0.95931
0.95929
0.95928
0.95926
0.95925
0.95924
0.95922
0.95921
0.95920
0.95918
0.95917
0.95916
0.95915
0.95914
0.95913
0.95912
0.95911
0.95910
0.95909
0.95908
0.95907
0.95907
0.95906
0.95905
0.95905
0.95904
0.95904
0.95903
0.95903
0.95903
0.95902
0.95902
0.95902
0.95902
0.95902
0.95902
0.95902
0.95902
0.95902
0.95902
0.95902
0.95902
0.95902
0.95903
0.95903
0.95903
0.95904
0.95904
0.95905
0.95905
0.95906
0.95907
0.95907
0.95908
0.95909
0.95910
0.95911
0.95912
0.95912
0.95913
0.95914
0.95916
0.95917
0.95918
0.95919
0.95920
0.95922
0.95923
0.95924
0.95926
0.95927
0.95929
0.95930
0.95932
0.95933
0.95935
0.95937
0.95938
0.95940
0.95942
0.95944
0.95946
0.95947
0.95949
0.95951
0.95953
0.95955
0.95957
0.95959
0.95962
0.95964
0.95966
0.95968
0.95970
0.95973
0.95975
0.95977
0.95980
0.95982
0.95985
0.95987
0.95990
0.95992
0.95995
0.95997
0.96000
0.96002
0.96005
0.96008
0.96010
0.96013
0.96016
0.96019
0.96021
0.96024
0.96027
0.96030
0.96033
0.96036
0.96039
0.96042
0.96044
0.96047
0.96050
0.96053
0.96056
0.96060
0.96063
0.96066
0.96069
0.96072
0.96075
0.96078
0.96081
0.96084
0.96088
0.96091
0.96094
0.96097
0.96100
0.96104
0.96107
0.96110
0.96113
0.96116
0.96120
0.96123
0.96126
0.96130
0.96133
0.96136
0.96139
0.96143
0.96146
0.96149
0.96153
0.96156
0.96159
0.96163
0.96166
0.96169
0.96173
0.96176
0.96179
0.96183
0.96186
0.96189
0.96193
0.96196
0.96199
0.96203
0.96206
0.96209
0.96212
0.96216
0.96219
0.96222
0.96226
0.96229
0.96232
0.96235
0.96239
0.96242
0.96245
0.96248
0.96252
0.96255
0.96258
0.96261
0.96264
0.96268
0.96271
0.96274
0.96277
0.96280
0.96283
0.96286
0.96290
0.96293
0.96296
0.96299
0.96302
0.96305
0.96308
0.96311
0.96314
0.96317
0.96320
0.96323
0.96326
0.96329
0.96331
0.96334
0.96337
0.96340
0.96343
0.96346
0.96348
0.96351
0.96354
0.96357
0.96359
0.96362
0.96365
0.96367
0.96370
0.96373
0.96375
0.96378
0.96381
0.96383
0.96386
0.96388
0.96391
0.96393
0.96396
0.96398
0.96400
0.96403
0.96405
0.96407
0.96410
0.96412
0.96414
0.96417
0.96419
0.96421
0.96423
0.96425
0.96428
0.96430
0.96432
0.96434
0.96436
0.96438
0.96440
0.96442
0.96444
0.96446
0.96448
0.96450
0.96452
0.96454
0.96455
0.96457
0.96459
0.96461
0.96463
0.96464
0.96466
0.96468
0.96469
0.96471
0.96473
0.96474
0.96476
0.96477
0.96479
0.96481
0.96482
0.96484
0.96485
0.96486
0.96488
0.96489
0.96491
0.96492
0.96493
0.96495
0.96496
0.96497
0.96498
0.96500
0.96501
0.96502
0.96503
0.96504
0.96505
0.96506
0.96508
0.96509
0.96510
0.96511
0.96512
0.96513
0.96514
0.96515
0.96516
0.96516
0.96517
0.96518
0.96519
0.96520
0.96521
0.96522
0.96522
0.96523
0.96524
0.96525
0.96525
0.96526
0.96527
0.96527
0.96528
0.96529
0.96529
0.96530
0.96531
0.96531
0.96532
0.96532
0.96533
0.96533
0.96534
0.96534
0.96535
0.96535
0.96536
0.96536
0.96537
0.96537
0.96538
0.96538
0.96538
0.96539
0.96539
0.96539
0.96540
0.96540
0.96540
0.96541
0.96541
0.96541
0.96542
0.96542
0.96542
0.96542
0.96543
0.96543
0.96543
0.96543
0.96544
0.96544
0.96544
0.96544
0.96544
0.96544
0.96545
0.96545
0.96545
0.96545
0.96545
0.96545
0.96546
0.96546
0.96546
0.96546
0.96546
0.96546
0.96546
0.96546
0.96546
0.96547
0.96547
0.96547
0.96547
0.96547
0.96547
0.96547
0.96547
0.96547
0.96547
0.96547
0.96547
0.96547
0.96548
0.96548
0.96548
0.96548
0.96548
0.96548
0.96548
0.96548
0.96548
0.96548
0.96548
0.96548
0.96548
0.96548
0.96549
0.96549
0.96549
0.96549
0.96549
0.96549
0.96549
0.96549
0.96549
0.96549
0.96550
0.96550
0.96550
0.96550
0.96550
0.96550
0.96550
0.96550
0.96551
0.96551
0.96551
0.96551
0.96551
0.96551
0.96552
0.96552
0.96552
0.96552
0.96552
0.96552
0.96553
0.96553
0.96553
0.96553
0.96554
0.96554
0.96554
0.96554
0.96555
0.96555
0.96555
0.96555
0.96556
0.96556
0.96556
0.96557
0.96557
0.96557
0.96558
0.96558
0.96558
0.96559
0.96559
0.96560
0.96560
0.96560
0.96561
0.96561
0.96562
0.96562
0.96563
0.96563
0.96563
0.96564
0.96564
0.96565
0.96565
0.96566
0.96566
0.96567
0.96568
0.96568
0.96569
0.96569
0.96570
0.96570
0.96571
0.96572
0.96572
0.96573
0.96573
0.96574
0.96575
0.96575
0.96576
0.96577
0.96578
0.96578
0.96579
0.96580
0.96580
0.96581
0.96582
0.96583
0.96583
0.96584
0.96585
0.96586
0.96587
0.96587
0.96588
0.96589
0.96590
0.96591
0.96592
0.96593
0.96594
0.96594
0.96595
0.96596
0.96597
0.96598
0.96599
0.96600
0.96601
0.96602
0.96603
0.96604
0.96605
0.96606
0.96607
0.96608
0.96609
0.96610
0.96611
0.96612
0.96613
0.96614
0.96616
0.96617
0.96618
0.96619
0.96620
0.96621
0.96622
0.96623
0.96625
0.96626
0.96627
0.96628
0.96629
0.96630
0.96632
0.96633
0.96634
0.96635
0.96637
0.96638
0.96639
0.96640
0.96641
0.96643
0.96644
0.96645
0.96647
0.96648
0.96649
0.96650
0.96652
0.96653
0.96654
0.96656
0.96657
0.96658
0.96660
0.96661
0.96662
0.96664
0.96665
0.96667
0.96668
0.96669
0.96671
0.96672
0.96673
0.96675
0.96676
0.96678
0.96679
0.96680
0.96682
0.96683
0.96685
0.96686
0.96688
0.96689
0.96690
0.96692
0.96693
0.96695
0.96696
0.96698
0.96699
0.96700
0.96702
0.96703
0.96705
0.96706
0.96708
0.96709
0.96711
0.96712
0.96714
0.96715
0.96717
0.96718
0.96720
0.96721
0.96723
0.96724
0.96725
0.96727
0.96728
0.96730
0.96731
0.96733
0.96734
0.96736
0.96737
0.96739
0.96740
0.96742
0.96743
0.96745
0.96746
0.96748
0.96749
0.96751
0.96752
0.96754
0.96755
0.96757
0.96758
0.96759
0.96761
0.96762
0.96764
0.96765
0.96767
0.96768
0.96770
0.96771
0.96773
0.96774
0.96776
0.96777
0.96778
0.96780
0.96781
0.96783
0.96784
0.96786
0.96787
0.96789
0.96790
0.96791
0.96793
0.96794
0.96796
0.96797
0.96798
0.96800
0.96801
0.96803
0.96804
0.96805
0.96807
0.96808
0.96810
0.96811
0.96812
0.96814
0.96815
0.96816
0.96818
0.96819
0.96820
0.96822
0.96823
0.96824
0.96826
0.96827
0.96828
0.96830
0.96831
0.96832
0.96834
0.96835
0.96836
0.96838
0.96839
0.96840
0.96841
0.96843
0.96844
0.96845
0.96846
0.96848
0.96849
0.96850
0.96851
0.96853
0.96854
0.96855
0.96856
0.96858
0.96859
0.96860
0.96861
0.96862
0.96864
0.96865
0.96866
0.96867
0.96868
0.96869
0.96871
0.96872
0.96873
0.96874
0.96875
0.96876
0.96877
0.96879
0.96880
0.96881
0.96882
0.96883
0.96884
0.96885
0.96886
0.96887
0.96888
0.96890
0.96891
0.96892
0.96893
0.96894
0.96895
0.96896
0.96897
0.96898
0.96899
0.96900
0.96901
0.96902
0.96903
0.96904
0.96905
0.96906
0.96907
0.96908
0.96909
0.96910
0.96911
0.96912
0.96913
0.96914
0.96915
0.96916
0.96917
0.96918
0.96919
0.96919
0.96920
0.96921
0.96922
0.96923
0.96924
0.96925
0.96926
0.96927
0.96928
0.96929
0.96929
0.96930
0.96931
0.96932
0.96933
0.96934
0.96935
0.96936
0.96936
0.96937
0.96938
0.96939
0.96940
0.96941
0.96941
0.96942
0.96943
0.96944
0.96945
0.96946
0.96946
0.96947
0.96948
0.96949
0.96950
0.96950
0.96951
0.96952
0.96953
0.96954
0.96954
0.96955
0.96956
0.96957
0.96958
0.96958
0.96959
0.96960
0.96961
0.96961
0.96962
0.96963
0.96964
0.96964
0.96965
0.96966
0.96967
0.96967
0.96968
0.96969
0.96970
0.96970
0.96971
0.96972
0.96973
0.96973
0.96974
0.96975
0.96976
0.96976
0.96977
0.96978
0.96978
0.96979
0.96980
0.96981
0.96981
0.96982
0.96983
0.96984
0.96984
0.96985
0.96986
0.96986
0.96987
0.96988
0.96989
0.96989
0.96990
0.96991
0.96991
0.96992
0.96993
0.96994
0.96994
0.96995
0.96996
0.96996
0.96997
0.96998
0.96999
0.96999
0.97000
0.97001
0.97001
0.97002
0.97003
0.97004
0.97004
0.97005
0.97006
0.97006
0.97007
0.97008
0.97009
0.97009
0.97010
0.97011
0.97011
0.97012
0.97013
0.97014
0.97014
0.97015
0.97016
0.97017
0.97017
0.97018
0.97019
0.97019
0.97020
0.97021
0.97022
0.97022
0.97023
0.97024
0.97025
0.97025
0.97026
0.97027
0.97028
0.97028
0.97029
0.97030
0.97031
0.97031
0.97032
0.97033
0.97034
0.97034
0.97035
0.97036
0.97037
0.97037
0.97038
0.97039
0.97040
0.97040
0.97041
0.97042
0.97043
0.97044
0.97044
0.97045
0.97046
0.97047
0.97048
0.97048
0.97049
0.97050
0.97051
0.97051
0.97052
0.97053
0.97054
0.97055
0.97055
0.97056
0.97057
0.97058
0.97059
0.97060
0.97060
0.97061
0.97062
0.97063
0.97064
0.97064
0.97065
0.97066
0.97067
0.97068
0.97069
0.97069
0.97070
0.97071
0.97072
0.97073
0.97074
0.97075
0.97075
0.97076
0.97077
0.97078
0.97079
0.97080
0.97081
0.97081
0.97082
0.97083
0.97084
0.97085
0.97086
0.97087
0.97088
0.97088
0.97089
0.97090
0.97091
0.97092
0.97093
0.97094
0.97095
0.97096
0.97096
0.97097
0.97098
0.97099
0.97100
0.97101
0.97102
0.97103
0.97104
0.97105
0.97105
0.97106
0.97107
0.97108
0.97109
0.97110
0.97111
0.97112
0.97113
0.97114
0.97115
0.97116
0.97117
0.97118
0.97118
0.97119
0.97120
0.97121
0.97122
0.97123
0.97124
0.97125
0.97126
0.97127
0.97128
0.97129
0.97130
0.97131
0.97132
0.97133
0.97134
0.97135
0.97135
0.97136
0.97137
0.97138
0.97139
0.97140
0.97141
0.97142
0.97143
0.97144
0.97145
0.97146
0.97147
0.97148
0.97149
0.97150
0.97151
0.97152
0.97153
0.97154
0.97155
0.97156
0.97157
0.97158
0.97159
0.97160
0.97161
0.97162
0.97163
0.97163
0.97164
0.97165
0.97166
0.97167
0.97168
0.97169
0.97170
0.97171
0.97172
0.97173
0.97174
0.97175
0.97176
0.97177
0.97178
0.97179
0.97180
0.97181
0.97182
0.97183
0.97184
0.97185
0.97186
0.97187
0.97188
0.97189
0.97190
0.97191
0.97192
0.97193
0.97194
0.97195
0.97196
0.97197
0.97198
0.97199
0.97200
0.97201
0.97202
0.97202
0.97203
0.97204
0.97205
0.97206
0.97207
0.97208
0.97209
0.97210
0.97211
0.97212
0.97213
0.97214
0.97215
0.97216
0.97217
0.97218
0.97219
0.97220
0.97221
0.97222
0.97223
0.97224
0.97225
0.97226
0.97227
0.97228
0.97228
0.97229
0.97230
0.97231
0.97232
0.97233
0.97234
0.97235
0.97236
0.97237
0.97238
0.97239
0.97240
0.97241
0.97242
0.97243
0.97244
0.97244
0.97245
0.97246
0.97247
0.97248
0.97249
0.97250
0.97251
0.97252
0.97253
0.97254
0.97255
0.97256
0.97257
0.97257
0.97258
0.97259
0.97260
0.97261
0.97262
0.97263
0.97264
0.97265
0.97266
0.97267
0.97267
0.97268
0.97269
0.97270
0.97271
0.97272
0.97273
0.97274
0.97275
0.97276
0.97276
0.97277
0.97278
0.97279
0.97280
0.97281
0.97282
0.97283
0.97284
0.97284
0.97285
0.97286
0.97287
0.97288
0.97289
0.97290
0.97291
0.97291
0.97292
0.97293
0.97294
0.97295
0.97296
0.97297
0.97297
0.97298
0.97299
0.97300
0.97301
0.97302
0.97303
0.97303
0.97304
0.97305
0.97306
0.97307
0.97308
0.97309
0.97309
0.97310
0.97311
0.97312
0.97313
0.97314
0.97314
0.97315
0.97316
0.97317
0.97318
0.97319
0.97319
0.97320
0.97321
0.97322
0.97323
0.97324
0.97324
0.97325
0.97326
0.97327
0.97328
0.97328
0.97329
0.97330
0.97331
0.97332
0.97333
0.97333
0.97334
0.97335
0.97336
0.97337
0.97337
0.97338
0.97339
0.97340
0.97341
0.97341
0.97342
0.97343
0.97344
0.97345
0.97345
0.97346
0.97347
0.97348
0.97349
0.97349
0.97350
0.97351
0.97352
0.97352
0.97353
0.97354
0.97355
0.97356
0.97356
0.97357
0.97358
0.97359
0.97360
0.97360
0.97361
0.97362
0.97363
0.97363
0.97364
0.97365
0.97366
0.97367
0.97367
0.97368
0.97369
0.97370
0.97370
0.97371
0.97372
0.97373
0.97374
0.97374
0.97375
0.97376
0.97377
0.97377
0.97378
0.97379
0.97380
0.97380
0.97381
0.97382
0.97383
0.97383
0.97384
0.97385
0.97386
0.97387
0.97387
0.97388
0.97389
0.97390
0.97390
0.97391
0.97392
0.97393
0.97393
0.97394
0.97395
0.97396
0.97396
0.97397
0.97398
0.97399
0.97399
0.97400
0.97401
0.97402
0.97403
0.97403
0.97404
0.97405
0.97406
0.97406
0.97407
0.97408
0.97409
0.97409
0.97410
0.97411
0.97412
0.97412
0.97413
0.97414
0.97415
0.97415
0.97416
0.97417
0.97418
0.97418
0.97419
0.97420
0.97421
0.97421
0.97422
0.97423
0.97424
0.97425
0.97425
0.97426
0.97427
0.97428
0.97428
0.97429
0.97430
0.97431
0.97431
0.97432
0.97433
0.97434
0.97434
0.97435
0.97436
0.97437
0.97437
0.97438
0.97439
0.97440
0.97440
0.97441
0.97442
0.97443
0.97444
0.97444
0.97445
0.97446
0.97447
0.97447
0.97448
0.97449
0.97450
0.97450
0.97451
0.97452
0.97453
0.97453
0.97454
0.97455
0.97456
0.97456
0.97457
0.97458
0.97459
0.97460
0.97460
0.97461
0.97462
0.97463
0.97463
0.97464
0.97465
0.97466
0.97466
0.97467
0.97468
0.97469
0.97470
0.97470
0.97471
0.97472
0.97473
0.97473
0.97474
0.97475
0.97476
0.97476
0.97477
0.97478
0.97479
0.97480
0.97480
0.97481
0.97482
0.97483
0.97483
0.97484
0.97485
0.97486
0.97487
0.97487
0.97488
0.97489
0.97490
0.97490
0.97491
0.97492
0.97493
0.97494
0.97494
0.97495
0.97496
0.97497
0.97497
0.97498
0.97499
0.97500
0.97500
0.97501
0.97502
0.97503
0.97504
0.97504
0.97505
0.97506
0.97507
0.97508
0.97508
0.97509
0.97510
0.97511
0.97511
0.97512
0.97513
0.97514
0.97515
0.97515
0.97516
0.97517
0.97518
0.97518
0.97519
0.97520
0.97521
0.97522
0.97522
0.97523
0.97524
0.97525
0.97525
0.97526
0.97527
0.97528
0.97529
0.97529
0.97530
0.97531
0.97532
0.97533
0.97533
0.97534
0.97535
0.97536
0.97536
0.97537
0.97538
0.97539
0.97540
0.97540
0.97541
0.97542
0.97543
0.97543
0.97544
0.97545
0.97546
0.97547
0.97547
0.97548
0.97549
0.97550
0.97550
0.97551
0.97552
0.97553
0.97554
0.97554
0.97555
0.97556
0.97557
0.97558
0.97558
0.97559
0.97560
0.97561
0.97561
0.97562
0.97563
0.97564
0.97565
0.97565
0.97566
0.97567
0.97568
0.97568
0.97569
0.97570
0.97571
0.97572
0.97572
0.97573
0.97574
0.97575
0.97575
0.97576
0.97577
0.97578
0.97579
0.97579
0.97580
0.97581
0.97582
0.97582
0.97583
0.97584
0.97585
0.97585
0.97586
0.97587
0.97588
0.97589
0.97589
0.97590
0.97591
0.97592
0.97592
0.97593
0.97594
0.97595
0.97595
0.97596
0.97597
0.97598
0.97599
0.97599
0.97600
0.97601
0.97602
0.97602
0.97603
0.97604
0.97605
0.97605
0.97606
0.97607
0.97608
0.97608
0.97609
0.97610
0.97611
0.97612
0.97612
0.97613
0.97614
0.97615
0.97615
0.97616
0.97617
0.97618
0.97618
0.97619
0.97620
0.97621
0.97621
0.97622
0.97623
0.97624
0.97624
0.97625
0.97626
0.97627
0.97627
0.97628
0.97629
0.97630
0.97630
0.97631
0.97632
0.97633
0.97633
0.97634
0.97635
0.97636
0.97636
0.97637
0.97638
0.97639
0.97639
0.97640
0.97641
0.97642
0.97642
0.97643
0.97644
0.97645
0.97645
0.97646
0.97647
0.97647
0.97648
0.97649
0.97650
0.97650
0.97651
0.97652
0.97653
0.97653
0.97654
0.97655
0.97656
0.97656
0.97657
0.97658
0.97659
0.97659
0.97660
0.97661
0.97661
0.97662
0.97663
0.97664
0.97664
0.97665
0.97666
0.97667
0.97667
0.97668
0.97669
0.97669
0.97670
0.97671
0.97672
0.97672
0.97673
0.97674
0.97675
0.97675
0.97676
0.97677
0.97677
0.97678
0.97679
0.97680
0.97680
0.97681
0.97682
0.97682
0.97683
0.97684
0.97685
0.97685
0.97686
0.97687
0.97687
0.97688
0.97689
0.97690
0.97690
0.97691
0.97692
0.97692
0.97693
0.97694
0.97695
0.97695
0.97696
0.97697
0.97697
0.97698
0.97699
0.97700
0.97700
0.97701
0.97702
0.97702
0.97703
0.97704
0.97704
0.97705
0.97706
0.97707
0.97707
0.97708
0.97709
0.97709
0.97710
0.97711
0.97712
0.97712
0.97713
0.97714
0.97714
0.97715
0.97716
0.97716
0.97717
0.97718
0.97719
0.97719
0.97720
0.97721
0.97721
0.97722
0.97723
0.97723
0.97724
0.97725
0.97726
0.97726
0.97727
0.97728
0.97728
0.97729
0.97730
0.97730
0.97731
0.97732
0.97732
0.97733
0.97734
0.97735
0.97735
0.97736
0.97737
0.97737
0.97738
0.97739
0.97739
0.97740
0.97741
0.97741
0.97742
0.97743
0.97744
0.97744
0.97745
0.97746
0.97746
0.97747
0.97748
0.97748
0.97749
0.97750
0.97750
0.97751
0.97752
0.97752
0.97753
0.97754
0.97755
0.97755
0.97756
0.97757
0.97757
0.97758
0.97759
0.97759
0.97760
0.97761
0.97761
0.97762
0.97763
0.97763
0.97764
0.97765
0.97766
0.97766
0.97767
0.97768
0.97768
0.97769
0.97770
0.97770
0.97771
0.97772
0.97772
0.97773
0.97774
0.97774
0.97775
0.97776
0.97776
0.97777
0.97778
0.97778
0.97779
0.97780
0.97781
0.97781
0.97782
0.97783
0.97783
0.97784
0.97785
0.97785
0.97786
0.97787
0.97787
0.97788
0.97789
0.97789
0.97790
0.97791
0.97791
0.97792
0.97793
0.97793
0.97794
0.97795
0.97795
0.97796
0.97797
0.97798
0.97798
0.97799
0.97800
0.97800
0.97801
0.97802
0.97802
0.97803
0.97804
0.97804
0.97805
0.97806
0.97806
0.97807
0.97808
0.97808
0.97809
0.97810
0.97810
0.97811
0.97812
0.97812
0.97813
0.97814
0.97814
0.97815
0.97816
0.97816
0.97817
0.97818
0.97818
0.97819
0.97820
0.97820
0.97821
0.97822
0.97823
0.97823
0.97824
0.97825
0.97825
0.97826
0.97827
0.97827
0.97828
0.97829
0.97829
0.97830
0.97831
0.97831
0.97832
0.97833
0.97833
0.97834
0.97835
0.97835
0.97836
0.97837
0.97837
0.97838
0.97839
0.97839
0.97840
0.97841
0.97841
0.97842
0.97843
0.97843
0.97844
0.97845
0.97845
0.97846
0.97847
0.97847
0.97848
0.97849
0.97849
0.97850
0.97851
0.97851
0.97852
0.97853
0.97853
0.97854
0.97855
0.97855
0.97856
0.97857
0.97857
0.97858
0.97859
0.97859
0.97860
0.97861
0.97861
0.97862
0.97863
0.97863
0.97864
0.97865
0.97865
0.97866
0.97867
0.97867
0.97868
0.97869
0.97869
0.97870
0.97871
0.97871
0.97872
0.97873
0.97873
0.97874
0.97875
0.97875
0.97876
0.97877
0.97877
0.97878
0.97879
0.97879
0.97880
0.97881
0.97881
0.97882
0.97883
0.97883
0.97884
0.97885
0.97885
0.97886
0.97887
0.97887
0.97888
0.97889
0.97889
0.97890
0.97891
0.97891
0.97892
0.97893
0.97893
0.97894
0.97895
0.97895
0.97896
0.97897
0.97897
0.97898
0.97899
0.97899
0.97900
0.97901
0.97901
0.97902
0.97902
0.97903
0.97904
0.97904
0.97905
0.97906
0.97906
0.97907
0.97908
0.97908
0.97909
0.97910
0.97910
0.97911
0.97912
0.97912
0.97913
0.97914
0.97914
0.97915
0.97916
0.97916
0.97917
0.97918
0.97918
0.97919
0.97919
0.97920
0.97921
0.97921
0.97922
0.97923
0.97923
0.97924
0.97925
0.97925
0.97926
0.97927
0.97927
0.97928
0.97929
0.97929
0.97930
0.97930
0.97931
0.97932
0.97932
0.97933
0.97934
0.97934
0.97935
0.97936
0.97936
0.97937
0.97938
0.97938
0.97939
0.97940
0.97940
0.97941
0.97941
0.97942
0.97943
0.97943
0.97944
0.97945
0.97945
0.97946
0.97947
0.97947
0.97948
0.97949
0.97949
0.97950
0.97950
0.97951
0.97952
0.97952
0.97953
0.97954
0.97954
0.97955
0.97956
0.97956
0.97957
0.97957
0.97958
0.97959
0.97959
0.97960
0.97961
0.97961
0.97962
0.97963
0.97963
0.97964
0.97964
0.97965
0.97966
0.97966
0.97967
0.97968
0.97968
0.97969
0.97969
0.97970
0.97971
0.97971
0.97972
0.97973
0.97973
0.97974
0.97975
0.97975
0.97976
0.97976
0.97977
0.97978
0.97978
0.97979
0.97980
0.97980
0.97981
0.97981
0.97982
0.97983
0.97983
0.97984
0.97985
0.97985
0.97986
0.97986
0.97987
0.97988
0.97988
0.97989
0.97990
0.97990
0.97991
0.97991
0.97992
0.97993
0.97993
0.97994
0.97995
0.97995
0.97996
0.97996
0.97997
0.97998
0.97998
0.97999
0.98000
0.98000
0.98001
0.98001
0.98002
0.98003
0.98003
0.98004
0.98004
0.98005
0.98006
0.98006
0.98007
0.98008
0.98008
0.98009
0.98009
0.98010
0.98011
0.98011
0.98012
0.98013
0.98013
0.98014
0.98014
0.98015
0.98016
0.98016
0.98017
0.98017
0.98018
0.98019
0.98019
0.98020
0.98021
0.98021
0.98022
0.98022
0.98023
0.98024
0.98024
0.98025
0.98025
0.98026
0.98027
0.98027
0.98028
0.98028
0.98029
0.98030
0.98030
0.98031
0.98031
0.98032
0.98033
0.98033
0.98034
0.98035
0.98035
0.98036
0.98036
0.98037
0.98038
0.98038
0.98039
0.98039
0.98040
0.98041
0.98041
0.98042
0.98042
0.98043
0.98044
0.98044
0.98045
0.98045
0.98046
0.98047
0.98047
0.98048
0.98048
0.98049
0.98050
0.98050
0.98051
0.98051
0.98052
0.98053
0.98053
0.98054
0.98055
0.98055
0.98056
0.98056
0.98057
0.98058
0.98058
0.98059
0.98059
0.98060
0.98061
0.98061
0.98062
0.98062
0.98063
0.98064
0.98064
0.98065
0.98065
0.98066
0.98067
0.98067
0.98068
0.98068
0.98069
0.98069
0.98070
0.98071
0.98071
0.98072
0.98072
0.98073
0.98074
0.98074
0.98075
0.98075
0.98076
0.98077
0.98077
0.98078
0.98078
0.98079
0.98080
0.98080
0.98081
0.98081
0.98082
0.98083
0.98083
0.98084
0.98084
0.98085
0.98086
0.98086
0.98087
0.98087
0.98088
0.98089
0.98089
0.98090
0.98090
0.98091
0.98091
0.98092
0.98093
0.98093
0.98094
0.98094
0.98095
0.98096
0.98096
0.98097
0.98097
0.98098
0.98099
0.98099
0.98100
0.98100
0.98101
0.98102
0.98102
0.98103
0.98103
0.98104
0.98104
0.98105
0.98106
0.98106
0.98107
0.98107
0.98108
0.98109
0.98109
0.98110
0.98110
0.98111
0.98111
0.98112
0.98113
0.98113
0.98114
0.98114
0.98115
0.98116
0.98116
0.98117
0.98117
0.98118
0.98119
0.98119
0.98120
0.98120
0.98121
0.98121
0.98122
0.98123
0.98123
0.98124
0.98124
0.98125
0.98125
0.98126
0.98127
0.98127
0.98128
0.98128
0.98129
0.98130
0.98130
0.98131
0.98131
0.98132
0.98132
0.98133
0.98134
0.98134
0.98135
0.98135
0.98136
0.98137
0.98137
0.98138
0.98138
0.98139
0.98139
0.98140
0.98141
0.98141
0.98142
0.98142
0.98143
0.98143
0.98144
0.98145
0.98145
0.98146
0.98146
0.98147
0.98147
0.98148
0.98149
0.98149
0.98150
0.98150
0.98151
0.98152
0.98152
0.98153
0.98153
0.98154
0.98154
0.98155
0.98156
0.98156
0.98157
0.98157
0.98158
0.98158
0.98159
0.98160
0.98160
0.98161
0.98161
0.98162
0.98162
0.98163
0.98164
0.98164
0.98165
0.98165
0.98166
0.98166
0.98167
0.98168
0.98168
0.98169
0.98169
0.98170
0.98170
0.98171
0.98172
0.98172
0.98173
0.98173
0.98174
0.98174
0.98175
0.98176
0.98176
0.98177
0.98177
0.98178
0.98178
0.98179
0.98179
0.98180
0.98181
0.98181
0.98182
0.98182
0.98183
0.98183
0.98184
0.98185
0.98185
0.98186
0.98186
0.98187
0.98187
0.98188
0.98189
0.98189
0.98190
0.98190
0.98191
0.98191
0.98192
0.98192
0.98193
0.98194
0.98194
0.98195
0.98195
0.98196
0.98196
0.98197
0.98198
0.98198
0.98199
0.98199
0.98200
0.98200
0.98201
0.98201
0.98202
0.98203
0.98203
0.98204
0.98204
0.98205
0.98205
0.98206
0.98206
0.98207
0.98208
0.98208
0.98209
0.98209
0.98210
0.98210
0.98211
0.98211
0.98212
0.98213
0.98213
0.98214
0.98214
0.98215
0.98215
0.98216
0.98216
0.98217
0.98218
0.98218
0.98219
0.98219
0.98220
0.98220
0.98221
0.98221
0.98222
0.98223
0.98223
0.98224
0.98224
0.98225
0.98225
0.98226
0.98226
0.98227
0.98228
0.98228
0.98229
0.98229
0.98230
0.98230
0.98231
0.98231
0.98232
0.98232
0.98233
0.98234
0.98234
0.98235
0.98235
0.98236
0.98236
0.98237
0.98237
0.98238
0.98239
0.98239
0.98240
0.98240
0.98241
0.98241
0.98242
0.98242
0.98243
0.98243
0.98244
0.98245
0.98245
0.98246
0.98246
0.98247
0.98247
0.98248
0.98248
0.98249
0.98249
0.98250
0.98251
0.98251
0.98252
0.98252
0.98253
0.98253
0.98254
0.98254
0.98255
0.98255
0.98256
0.98256
0.98257
0.98258
0.98258
0.98259
0.98259
0.98260
0.98260
0.98261
0.98261
0.98262
0.98262
0.98263
0.98263
0.98264
0.98265
0.98265
0.98266
0.98266
0.98267
0.98267
0.98268
0.98268
0.98269
0.98269
0.98270
0.98270
0.98271
0.98272
0.98272
0.98273
0.98273
0.98274
0.98274
0.98275
0.98275
0.98276
0.98276
0.98277
0.98277
0.98278
0.98279
0.98279
0.98280
0.98280
0.98281
0.98281
0.98282
0.98282
0.98283
0.98283
0.98284
0.98284
0.98285
0.98285
0.98286
0.98287
0.98287
0.98288
0.98288
0.98289
0.98289
0.98290
0.98290
0.98291
0.98291
0.98292
0.98292
0.98293
0.98293
0.98294
0.98294
0.98295
0.98296
0.98296
0.98297
0.98297
0.98298
0.98298
0.98299
0.98299
0.98300
0.98300
0.98301
0.98301
0.98302
0.98302
0.98303
0.98303
0.98304
0.98304
0.98305
0.98306
0.98306
0.98307
0.98307
0.98308
0.98308
0.98309
0.98309
0.98310
0.98310
0.98311
0.98311
0.98312
0.98312
0.98313
0.98313
0.98314
0.98314
0.98315
0.98316
0.98316
0.98317
0.98317
0.98318
0.98318
0.98319
0.98319
0.98320
0.98320
0.98321
0.98321
0.98322
0.98322
0.98323
0.98323
0.98324
0.98324
0.98325
0.98325
0.98326
0.98326
0.98327
0.98327
0.98328
0.98329
0.98329
0.98330
0.98330
0.98331
0.98331
0.98332
0.98332
0.98333
0.98333
0.98334
0.98334
0.98335
0.98335
0.98336
0.98336
0.98337
0.98337
0.98338
0.98338
0.98339
0.98339
0.98340
0.98340
0.98341
0.98341
0.98342
0.98342
0.98343
0.98343
0.98344
0.98345
0.98345
0.98346
0.98346
0.98347
0.98347
0.98348
0.98348
0.98349
0.98349
0.98350
0.98350
0.98351
0.98351
0.98352
0.98352
0.98353
0.98353
0.98354
0.98354
0.98355
0.98355
0.98356
0.98356
0.98357
0.98357
0.98358
0.98358
0.98359
0.98359
0.98360
0.98360
0.98361
0.98361
0.98362
0.98362
0.98363
0.98363
0.98364
0.98364
0.98365
0.98365
0.98366
0.98366
0.98367
0.98367
0.98368
0.98368
0.98369
0.98369
0.98370
0.98371
0.98371
0.98372
0.98372
0.98373
0.98373
0.98374
0.98374
0.98375
0.98375
0.98376
0.98376
0.98377
0.98377
0.98378
0.98378
0.98379
0.98379
0.98380
0.98380
0.98381
0.98381
0.98382
0.98382
0.98383
0.98383
0.98384
0.98384
0.98385
0.98385
0.98386
0.98386
0.98387
0.98387
0.98388
0.98388
0.98389
0.98389
0.98390
0.98390
0.98391
0.98391
0.98392
0.98392
0.98393
0.98393
0.98394
0.98394
0.98395
0.98395
0.98396
0.98396
0.98397
0.98397
0.98398
0.98398
0.98399
0.98399
0.98400
0.98400
0.98401
0.98401
0.98402
0.98402
0.98403
0.98403
0.98404
0.98404
0.98405
0.98405
0.98406
0.98406
0.98407
0.98407
0.98408
0.98408
0.98409
0.98409
0.98410
0.98410
0.98410
0.98411
0.98411
0.98412
0.98412
0.98413
0.98413
0.98414
0.98414
0.98415
0.98415
0.98416
0.98416
0.98417
0.98417
0.98418
0.98418
0.98419
0.98419
0.98420
0.98420
0.98421
0.98421
0.98422
0.98422
0.98423
0.98423
0.98424
0.98424
0.98425
0.98425
0.98426
0.98426
0.98427
0.98427
0.98428
0.98428
0.98429
0.98429
0.98430
0.98430
0.98431
0.98431
0.98432
0.98432
0.98433
0.98433
0.98434
0.98434
0.98435
0.98435
0.98435
0.98436
0.98436
0.98437
0.98437
0.98438
0.98438
0.98439
0.98439
0.98440
0.98440
0.98441
0.98441
0.98442
0.98442
0.98443
0.98443
0.98444
0.98444
0.98445
0.98445
0.98446
0.98446
0.98447
0.98447
0.98448
0.98448
0.98449
0.98449
0.98450
0.98450
0.98450
0.98451
0.98451
0.98452
0.98452
0.98453
0.98453
0.98454
0.98454
0.98455
0.98455
0.98456
0.98456
0.98457
0.98457
0.98458
0.98458
0.98459
0.98459
0.98460
0.98460
0.98461
0.98461
0.98462
0.98462
0.98462
0.98463
0.98463
0.98464
0.98464
0.98465
0.98465
0.98466
0.98466
0.98467
0.98467
0.98468
0.98468
0.98469
0.98469
0.98470
0.98470
0.98471
0.98471
0.98472
0.98472
0.98472
0.98473
0.98473
0.98474
0.98474
0.98475
0.98475
0.98476
0.98476
0.98477
0.98477
0.98478
0.98478
0.98479
0.98479
0.98480
0.98480
0.98480
0.98481
0.98481
0.98482
0.98482
0.98483
0.98483
0.98484
0.98484
0.98485
0.98485
0.98486
0.98486
0.98487
0.98487
0.98488
0.98488
0.98488
0.98489
0.98489
0.98490
0.98490
0.98491
0.98491
0.98492
0.98492
0.98493
0.98493
0.98494
0.98494
0.98495
0.98495
0.98496
0.98496
0.98496
0.98497
0.98497
0.98498
0.98498
0.98499
0.98499
0.98500
0.98500
0.98501
0.98501
0.98502
0.98502
0.98503
0.98503
0.98503
0.98504
0.98504
0.98505
0.98505
0.98506
0.98506
0.98507
0.98507
0.98508
0.98508
0.98509
0.98509
0.98509
0.98510
0.98510
0.98511
0.98511
0.98512
0.98512
0.98513
0.98513
0.98514
0.98514
0.98515
0.98515
0.98515
0.98516
0.98516
0.98517
0.98517
0.98518
0.98518
0.98519
0.98519
0.98520
0.98520
0.98521
0.98521
0.98521
0.98522
0.98522
0.98523
0.98523
0.98524
0.98524
0.98525
0.98525
0.98526
0.98526
0.98526
0.98527
0.98527
0.98528
0.98528
0.98529
0.98529
0.98530
0.98530
0.98531
0.98531
0.98532
0.98532
0.98532
0.98533
0.98533
0.98534
0.98534
0.98535
0.98535
0.98536
0.98536
0.98537
0.98537
0.98537
