0.00000
0.00000
0.00018
0.00054
0.00106
0.00174
0.00257
0.00353
0.00462
0.00584
0.00716
0.00859
0.01011
0.01173
0.01343
0.01522
0.01707
0.01900
0.02100
0.02305
0.02517
0.02734
0.02956
0.03182
0.03414
0.03649
0.03889
0.04132
0.04379
0.04629
0.04882
0.05138
0.05397
0.05658
0.05922
0.06188
0.06456
0.06727
0.06999
0.07273
0.07549
0.07827
0.08106
0.08387
0.08669
0.08952
0.09237
0.09523
0.09810
0.10098
0.10387
0.10678
0.10969
0.11261
0.11554
0.11848
0.12142
0.12438
0.12734
0.13031
0.13328
0.13626
0.13925
0.14224
0.14524
0.14825
0.15126
0.15428
0.15730
0.16032
0.16335
0.16639
0.16943
0.17247
0.17552
0.17857
0.18162
0.18468
0.18775
0.19081
0.19388
0.19695
0.20003
0.20311
0.20619
0.20928
0.21236
0.21545
0.21855
0.22164
0.22474
0.22784
0.23094
0.23405
0.23716
0.24027
0.24338
0.24649
0.24961
0.25273
0.25584
0.25897
0.26209
0.26521
0.26834
0.27147
0.27459
0.27773
0.28086
0.28399
0.28712
0.29026
0.29340
0.29653
0.29967
0.30281
0.30595
0.30909
0.31224
0.31538
0.31852
0.32167
0.32481
0.32796
0.33110
0.33425
0.33740
0.34055
0.34369
0.34684
0.34999
0.35314
0.35629
0.35944
0.36259
0.36573
0.36888
0.37203
0.37518
0.37833
0.38148
0.38463
0.38777
0.39092
0.39407
0.39722
0.40036
0.40351
0.40665
0.40980
0.41294
0.41609
0.41923
0.42237
0.42551
0.42865
0.43179
0.43493
0.43807
0.44120
0.44434
0.44747
0.45061
0.45374
0.45687
0.46000
0.46313
0.46625
0.46938
0.47250
0.47563
0.47875
0.48187
0.48498
0.48810
0.49122
0.49433
0.49744
0.50055
0.50366
0.50676
0.50987
0.51297
0.51607
0.51917
0.52226
0.52536
0.52845
0.53154
0.53463
0.53771
0.54080
0.54388
0.54696
0.55003
0.55311
0.55618
0.55925
0.56231
0.56538
0.56844
0.57149
0.57455
0.57760
0.58065
0.58370
0.58675
0.58979
0.59283
0.59586
0.59890
0.60193
0.60496
0.60798
0.61100
0.61402
0.61703
0.62005
0.62305
0.62606
0.62906
0.63206
0.63506
0.63805
0.64104
0.64402
0.64700
0.64998
0.65296
0.65593
0.65890
0.66186
0.66482
0.66778
0.67073
0.67368
0.67663
0.67957
0.68251
0.68544
0.68837
0.69130
0.69422
0.69714
0.70005
0.70296
0.70587
0.70877
0.71167
0.71456
0.71745
0.72033
0.72322
0.72609
0.72896
0.73183
0.73470
0.73756
0.74041
0.74326
0.74611
0.74895
0.75179
0.75462
0.75745
0.76027
0.76309
0.76590
0.76871
0.77152
0.77432
0.77711
0.77990
0.78269
0.78547
0.78824
0.79101
0.79378
0.79654
0.79930
0.80205
0.80479
0.80753
0.81027
0.81300
0.81573
0.81845
0.82116
0.82387
0.82658
0.82928
0.83197
0.83466
0.83735
0.84003
0.84270
0.84537
0.84803
0.85069
0.85334
0.85599
0.85863
0.86126
0.86389
0.86652
0.86914
0.87175
0.87436
0.87696
0.87955
0.88215
0.88473
0.88731
0.88988
0.89245
0.89501
0.89757
0.90012
0.90267
0.90520
0.90774
0.91026
0.91279
0.91530
0.91781
0.92031
0.92281
0.92530
0.92779
0.93027
0.93274
0.93521
0.93767
0.94013
0.94258
0.94502
0.94746
0.94989
0.95231
0.95473
0.95714
0.95955
0.96195
0.96434
0.96673
0.96911
0.97148
0.97385
0.97621
0.97857
0.98092
0.98326
0.98560
0.98793
0.99025
0.99257
0.99488
0.99718
0.99948
1.00177
1.00406
1.00634
1.00861
1.01087
1.01313
1.01538
1.01763
1.01987
1.02210
1.02433
1.02655
1.02876
1.03096
1.03316
1.03536
1.03754
1.03972
1.04189
1.04406
1.04622
1.04837
1.05052
1.05265
1.05479
1.05691
1.05903
1.06114
1.06324
1.06534
1.06743
1.06952
1.07159
1.07366
1.07573
1.07778
1.07983
1.08188
1.08391
1.08594
1.08796
1.08998
1.09199
1.09399
1.09598
1.09797
1.09995
1.10192
1.10389
1.10585
1.10780
1.10974
1.11168
1.11361
1.11554
1.11745
1.11936
1.12127
1.12316
1.12505
1.12693
1.12881
1.13067
1.13253
1.13439
1.13623
1.13807
1.13990
1.14173
1.14354
1.14535
1.14716
1.14895
1.15074
1.15252
1.15430
1.15607
1.15783
1.15958
1.16132
1.16306
1.16479
1.16652
1.16823
1.16994
1.17165
1.17334
1.17503
1.17671
1.17838
1.18005
1.18171
1.18336
1.18501
1.18664
1.18827
1.18990
1.19151
1.19312
1.19472
1.19632
1.19790
1.19948
1.20105
1.20262
1.20418
1.20573
1.20727
1.20881
1.21033
1.21186
1.21337
1.21488
1.21638
1.21787
1.21935
1.22083
1.22230
1.22377
1.22522
1.22667
1.22811
1.22955
1.23097
1.23239
1.23380
1.23521
1.23661
1.23800
1.23938
1.24076
1.24213
1.24349
1.24484
1.24619
1.24753
1.24886
1.25019
1.25150
1.25282
1.25412
1.25542
1.25670
1.25799
1.25926
1.26053
1.26179
1.26304
1.26429
1.26553
1.26676
1.26798
1.26920
1.27041
1.27161
1.27280
1.27399
1.27517
1.27635
1.27751
1.27867
1.27982
1.28097
1.28211
1.28324
1.28436
1.28548
1.28659
1.28769
1.28878
1.28987
1.29095
1.29203
1.29309
1.29415
1.29520
1.29625
1.29729
1.29832
1.29934
1.30036
1.30137
1.30237
1.30337
1.30435
1.30534
1.30631
1.30728
1.30824
1.30919
1.31014
1.31108
1.31201
1.31293
1.31385
1.31476
1.31567
1.31656
1.31745
1.31834
1.31921
1.32008
1.32095
1.32180
1.32265
1.32349
1.32433
1.32515
1.32598
1.32679
1.32760
1.32840
1.32919
1.32998
1.33076
1.33153
1.33230
1.33306
1.33381
1.33455
1.33529
1.33603
1.33675
1.33747
1.33818
1.33889
1.33959
1.34028
1.34096
1.34164
1.34231
1.34298
1.34364
1.34429
1.34493
1.34557
1.34620
1.34683
1.34745
1.34806
1.34866
1.34926
1.34985
1.35044
1.35102
1.35159
1.35216
1.35272
1.35327
1.35381
1.35435
1.35489
1.35541
1.35593
1.35645
1.35696
1.35746
1.35795
1.35844
1.35892
1.35940
1.35987
1.36033
1.36079
1.36124
1.36168
1.36212
1.36255
1.36297
1.36339
1.36380
1.36421
1.36461
1.36500
1.36539
1.36577
1.36615
1.36652
1.36688
1.36723
1.36759
1.36793
1.36827
1.36860
1.36893
1.36925
1.36956
1.36987
1.37017
1.37046
1.37075
1.37104
1.37131
1.37159
1.37185
1.37211
1.37237
1.37261
1.37285
1.37309
1.37332
1.37355
1.37376
1.37398
1.37418
1.37438
1.37458
1.37477
1.37495
1.37513
1.37530
1.37547
1.37563
1.37578
1.37593
1.37608
1.37621
1.37635
1.37647
1.37659
1.37671
1.37682
1.37692
1.37702
1.37711
1.37720
1.37728
1.37736
1.37743
1.37750
1.37756
1.37761
1.37766
1.37770
1.37774
1.37777
1.37780
1.37782
1.37784
1.37785
1.37786
1.37786
1.37786
1.37785
1.37783
1.37781
1.37779
1.37775
1.37772
1.37768
1.37763
1.37758
1.37752
1.37746
1.37740
1.37732
1.37725
1.37716
1.37708
1.37699
1.37689
1.37679
1.37668
1.37657
1.37645
1.37633
1.37620
1.37607
1.37593
1.37579
1.37565
1.37550
1.37534
1.37518
1.37501
1.37484
1.37467
1.37449
1.37430
1.37411
1.37392
1.37372
1.37352
1.37331
1.37310
1.37288
1.37266
1.37243
1.37220
1.37197
1.37173
1.37148
1.37123
1.37098
1.37072
1.37046
1.37019
1.36992
1.36965
1.36937
1.36908
1.36879
1.36850
1.36820
1.36790
1.36759
1.36728
1.36697
1.36665
1.36633
1.36600
1.36567
1.36533
1.36499
1.36465
1.36430
1.36395
1.36359
1.36323
1.36287
1.36250
1.36213
1.36175
1.36137
1.36098
1.36060
1.36020
1.35981
1.35941
1.35900
1.35859
1.35818
1.35777
1.35735
1.35692
1.35650
1.35607
1.35563
1.35519
1.35475
1.35430
1.35385
1.35340
1.35294
1.35248
1.35202
1.35155
1.35108
1.35061
1.35013
1.34965
1.34916
1.34867
1.34818
1.34768
1.34718
1.34668
1.34617
1.34566
1.34515
1.34463
1.34411
1.34359
1.34306
1.34253
1.34200
1.34146
1.34092
1.34038
1.33983
1.33929
1.33873
1.33818
1.33762
1.33706
1.33649
1.33592
1.33535
1.33478
1.33420
1.33362
1.33304
1.33245
1.33186
1.33127
1.33067
1.33007
1.32947
1.32887
1.32826
1.32765
1.32704
1.32642
1.32580
1.32518
1.32456
1.32393
1.32330
1.32267
1.32203
1.32139
1.32075
1.32011
1.31946
1.31882
1.31817
1.31751
1.31685
1.31620
1.31553
1.31487
1.31420
1.31353
1.31286
1.31219
1.31151
1.31083
1.31015
1.30947
1.30878
1.30809
1.30740
1.30671
1.30601
1.30532
1.30462
1.30391
1.30321
1.30250
1.30179
1.30108
1.30037
1.29965
1.29893
1.29821
1.29749
1.29677
1.29604
1.29531
1.29458
1.29385
1.29311
1.29238
1.29164
1.29090
1.29015
1.28941
1.28866
1.28791
1.28716
1.28641
1.28566
1.28490
1.28414
1.28338
1.28262
1.28186
1.28109
1.28033
1.27956
1.27879
1.27802
1.27724
1.27647
1.27569
1.27491
1.27413
1.27335
1.27256
1.27178
1.27099
1.27020
1.26941
1.26862
1.26783
1.26703
1.26624
1.26544
1.26464
1.26384
1.26304
1.26224
1.26143
1.26062
1.25982
1.25901
1.25820
1.25739
1.25657
1.25576
1.25495
1.25413
1.25331
1.25249
1.25167
1.25085
1.25003
1.24920
1.24838
1.24755
1.24673
1.24590
1.24507
1.24424
1.24341
1.24257
1.24174
1.24090
1.24007
1.23923
1.23839
1.23756
1.23672
1.23588
1.23503
1.23419
1.23335
1.23250
1.23166
1.23081
1.22997
1.22912
1.22827
1.22742
1.22657
1.22572
1.22487
1.22402
1.22317
1.22231
1.22146
1.22060
1.21975
1.21889
1.21803
1.21718
1.21632
1.21546
1.21460
1.21374
1.21288
1.21202
1.21116
1.21030
1.20943
1.20857
1.20771
1.20684
1.20598
1.20511
1.20425
1.20338
1.20252
1.20165
1.20078
1.19992
1.19905
1.19818
1.19731
1.19644
1.19557
1.19471
1.19384
1.19297
1.19210
1.19123
1.19036
1.18949
1.18862
1.18774
1.18687
1.18600
1.18513
1.18426
1.18339
1.18252
1.18164
1.18077
1.17990
1.17903
1.17816
1.17729
1.17641
1.17554
1.17467
1.17380
1.17293
1.17205
1.17118
1.17031
1.16944
1.16857
1.16770
1.16682
1.16595
1.16508
1.16421
1.16334
1.16247
1.16160
1.16073
1.15986
1.15899
1.15812
1.15725
1.15638
1.15551
1.15464
1.15378
1.15291
1.15204
1.15117
1.15031
1.14944
1.14857
1.14771
1.14684
1.14598
1.14511
1.14425
1.14339
1.14252
1.14166
1.14080
1.13994
1.13907
1.13821
1.13735
1.13649
1.13563
1.13477
1.13392
1.13306
1.13220
1.13134
1.13049
1.12963
1.12878
1.12792
1.12707
1.12622
1.12537
1.12451
1.12366
1.12281
1.12196
1.12111
1.12027
1.11942
1.11857
1.11773
1.11688
1.11604
1.11519
1.11435
1.11351
1.11266
1.11182
1.11098
1.11015
1.10931
1.10847
1.10763
1.10680
1.10596
1.10513
1.10430
1.10346
1.10263
1.10180
1.10097
1.10015
1.09932
1.09849
1.09767
1.09684
1.09602
1.09519
1.09437
1.09355
1.09273
1.09191
1.09110
1.09028
1.08947
1.08865
1.08784
1.08702
1.08621
1.08540
1.08459
1.08379
1.08298
1.08217
1.08137
1.08057
1.07976
1.07896
1.07816
1.07736
1.07657
1.07577
1.07498
1.07418
1.07339
1.07260
1.07181
1.07102
1.07023
1.06944
1.06866
1.06787
1.06709
1.06631
1.06553
1.06475
1.06397
1.06320
1.06242
1.06165
1.06087
1.06010
1.05933
1.05856
1.05780
1.05703
1.05627
1.05550
1.05474
1.05398
1.05322
1.05247
1.05171
1.05096
1.05020
1.04945
1.04870
1.04795
1.04720
1.04646
1.04571
1.04497
1.04423
1.04349
1.04275
1.04201
1.04128
1.04054
1.03981
1.03908
1.03835
1.03762
1.03690
1.03617
1.03545
1.03473
1.03400
1.03329
1.03257
1.03185
1.03114
1.03043
1.02972
1.02901
1.02830
1.02759
1.02689
1.02619
1.02548
1.02478
1.02409
1.02339
1.02270
1.02200
1.02131
1.02062
1.01993
1.01925
1.01856
1.01788
1.01720
1.01652
1.01584
1.01516
1.01449
1.01382
1.01315
1.01248
1.01181
1.01114
1.01048
1.00982
1.00915
1.00850
1.00784
1.00718
1.00653
1.00588
1.00523
1.00458
1.00393
1.00329
1.00264
1.00200
1.00136
1.00072
1.00009
0.99945
0.99882
0.99819
0.99756
0.99693
0.99631
0.99569
0.99506
0.99444
0.99383
0.99321
0.99260
0.99198
0.99137
0.99076
0.99016
0.98955
0.98895
0.98835
0.98775
0.98715
0.98655
0.98596
0.98537
0.98478
0.98419
0.98360
0.98302
0.98244
0.98186
0.98128
0.98070
0.98013
0.97955
0.97898
0.97841
0.97785
0.97728
0.97672
0.97616
0.97560
0.97504
0.97448
0.97393
0.97338
0.97283
0.97228
0.97173
0.97119
0.97065
0.97011
0.96957
0.96903
0.96850
0.96796
0.96743
0.96690
0.96638
0.96585
0.96533
0.96481
0.96429
0.96377
0.96326
0.96275
0.96223
0.96173
0.96122
0.96071
0.96021
0.95971
0.95921
0.95871
0.95822
0.95773
0.95723
0.95675
0.95626
0.95577
0.95529
0.95481
0.95433
0.95385
0.95338
0.95290
0.95243
0.95196
0.95150
0.95103
0.95057
0.95011
0.94965
0.94919
0.94874
0.94828
0.94783
0.94738
0.94693
0.94649
0.94605
0.94560
0.94517
0.94473
0.94429
0.94386
0.94343
0.94300
0.94257
0.94215
0.94172
0.94130
0.94088
0.94047
0.94005
0.93964
0.93923
0.93882
0.93841
0.93801
0.93760
0.93720
0.93680
0.93641
0.93601
0.93562
0.93523
0.93484
0.93445
0.93407
0.93369
0.93331
0.93293
0.93255
0.93217
0.93180
0.93143
0.93106
0.93070
0.93033
0.92997
0.92961
0.92925
0.92889
0.92854
0.92818
0.92783
0.92748
0.92714
0.92679
0.92645
0.92611
0.92577
0.92543
0.92510
0.92477
0.92444
0.92411
0.92378
0.92346
0.92313
0.92281
0.92249
0.92218
0.92186
0.92155
0.92124
0.92093
0.92062
0.92032
0.92001
0.91971
0.91941
0.91912
0.91882
0.91853
0.91824
0.91795
0.91766
0.91738
0.91709
0.91681
0.91653
0.91625
0.91598
0.91571
0.91543
0.91516
0.91490
0.91463
0.91437
0.91411
0.91385
0.91359
0.91333
0.91308
0.91283
0.91258
0.91233
0.91208
0.91184
0.91159
0.91135
0.91111
0.91088
0.91064
0.91041
0.91018
0.90995
0.90972
0.90950
0.90927
0.90905
0.90883
0.90862
0.90840
0.90819
0.90797
0.90776
0.90756
0.90735
0.90715
0.90694
0.90674
0.90654
0.90635
0.90615
0.90596
0.90577
0.90558
0.90539
0.90520
0.90502
0.90484
0.90466
0.90448
0.90430
0.90413
0.90395
0.90378
0.90361
0.90345
0.90328
0.90312
0.90296
0.90280
0.90264
0.90248
0.90233
0.90217
0.90202
0.90187
0.90172
0.90158
0.90144
0.90129
0.90115
0.90101
0.90088
0.90074
0.90061
0.90048
0.90035
0.90022
0.90009
0.89997
0.89985
0.89973
0.89961
0.89949
0.89937
0.89926
0.89915
0.89904
0.89893
0.89882
0.89871
0.89861
0.89851
0.89841
0.89831
0.89821
0.89812
0.89802
0.89793
0.89784
0.89775
0.89767
0.89758
0.89750
0.89742
0.89734
0.89726
0.89718
0.89711
0.89703
0.89696
0.89689
0.89682
0.89676
0.89669
0.89663
0.89657
0.89651
0.89645
0.89639
0.89633
0.89628
0.89623
0.89618
0.89613
0.89608
0.89604
0.89599
0.89595
0.89591
0.89587
0.89583
0.89579
0.89576
0.89572
0.89569
0.89566
0.89563
0.89561
0.89558
0.89556
0.89553
0.89551
0.89549
0.89548
0.89546
0.89544
0.89543
0.89542
0.89541
0.89540
0.89539
0.89539
0.89538
0.89538
0.89538
0.89538
0.89538
0.89538
0.89539
0.89539
0.89540
0.89541
0.89542
0.89543
0.89544
0.89546
0.89547
0.89549
0.89551
0.89553
0.89555
0.89557
0.89560
0.89562
0.89565
0.89568
0.89571
0.89574
0.89577
0.89580
0.89584
0.89588
0.89591
0.89595
0.89599
0.89604
0.89608
0.89612
0.89617
0.89622
0.89627
0.89632
0.89637
0.89642
0.89647
0.89653
0.89658
0.89664
0.89670
0.89676
0.89682
0.89689
0.89695
0.89701
0.89708
0.89715
0.89722
0.89729
0.89736
0.89743
0.89751
0.89758
0.89766
0.89774
0.89781
0.89789
0.89798
0.89806
0.89814
0.89823
0.89831
0.89840
0.89849
0.89858
0.89867
0.89876
0.89885
0.89895
0.89904
0.89914
0.89924
0.89934
0.89944
0.89954
0.89964
0.89974
0.89985
0.89995
0.90006
0.90017
0.90028
0.90039
0.90050
0.90061
0.90072
0.90084
0.90095
0.90107
0.90118
0.90130
0.90142
0.90154
0.90166
0.90179
0.90191
0.90203
0.90216
0.90229
0.90241
0.90254
0.90267
0.90280
0.90293
0.90307
0.90320
0.90334
0.90347
0.90361
0.90375
0.90388
0.90402
0.90416
0.90430
0.90445
0.90459
0.90473
0.90488
0.90502
0.90517
0.90532
0.90547
0.90562
0.90577
0.90592
0.90607
0.90622
0.90638
0.90653
0.90669
0.90685
0.90700
0.90716
0.90732
0.90748
0.90764
0.90780
0.90797
0.90813
0.90829
0.90846
0.90862
0.90879
0.90896
0.90913
0.90929
0.90946
0.90963
0.90981
0.90998
0.91015
0.91032
0.91050
0.91067
0.91085
0.91103
0.91120
0.91138
0.91156
0.91174
0.91192
0.91210
0.91228
0.91247
0.91265
0.91283
0.91302
0.91320
0.91339
0.91358
0.91376
0.91395
0.91414
0.91433
0.91452
0.91471
0.91490
0.91509
0.91529
0.91548
0.91567
0.91587
0.91606
0.91626
0.91646
0.91665
0.91685
0.91705
0.91725
0.91745
0.91765
0.91785
0.91805
0.91825
0.91845
0.91866
0.91886
0.91906
0.91927
0.91947
0.91968
0.91989
0.92009
0.92030
0.92051
0.92072
0.92092
0.92113
0.92134
0.92155
0.92177
0.92198
0.92219
0.92240
0.92261
0.92283
0.92304
0.92326
0.92347
0.92369
0.92390
0.92412
0.92433
0.92455
0.92477
0.92499
0.92520
0.92542
0.92564
0.92586
0.92608
0.92630
0.92652
0.92674
0.92697
0.92719
0.92741
0.92763
0.92786
0.92808
0.92830
0.92853
0.92875
0.92898
0.92920
0.92943
0.92966
0.92988
0.93011
0.93034
0.93056
0.93079
0.93102
0.93125
0.93148
0.93171
0.93194
0.93217
0.93240
0.93263
0.93286
0.93309
0.93332
0.93355
0.93378
0.93401
0.93425
0.93448
0.93471
0.93494
0.93518
0.93541
0.93564
0.93588
0.93611
0.93635
0.93658
0.93682
0.93705
0.93729
0.93752
0.93776
0.93799
0.93823
0.93847
0.93870
0.93894
0.93918
0.93941
0.93965
0.93989
0.94013
0.94036
0.94060
0.94084
0.94108
0.94132
0.94156
0.94179
0.94203
0.94227
0.94251
0.94275
0.94299
0.94323
0.94347
0.94371
0.94395
0.94419
0.94443
0.94467
0.94491
0.94515
0.94539
0.94563
0.94587
0.94611
0.94635
0.94659
0.94683
0.94707
0.94731
0.94756
0.94780
0.94804
0.94828
0.94852
0.94876
0.94900
0.94924
0.94949
0.94973
0.94997
0.95021
0.95045
0.95069
0.95093
0.95118
0.95142
0.95166
0.95190
0.95214
0.95238
0.95262
0.95287
0.95311
0.95335
0.95359
0.95383
0.95407
0.95431
0.95455
0.95480
0.95504
0.95528
0.95552
0.95576
0.95600
0.95624
0.95648
0.95672
0.95696
0.95720
0.95744
0.95768
0.95792
0.95816
0.95840
0.95864
0.95888
0.95912
0.95936
0.95960
0.95984
0.96008
0.96032
0.96056
0.96080
0.96104
0.96128
0.96151
0.96175
0.96199
0.96223
0.96247
0.96270
0.96294
0.96318
0.96342
0.96365
0.96389
0.96413
0.96436
0.96460
0.96484
0.96507
0.96531
0.96555
0.96578
0.96602
0.96625
0.96649
0.96672
0.96696
0.96719
0.96742
0.96766
0.96789
0.96813
0.96836
0.96859
0.96883
0.96906
0.96929
0.96952
0.96976
0.96999
0.97022
0.97045
0.97068
0.97091
0.97114
0.97137
0.97160
0.97183
0.97206
0.97229
0.97252
0.97275
0.97298
0.97321
0.97343
0.97366
0.97389
0.97412
0.97434
0.97457
0.97480
0.97502
0.97525
0.97547
0.97570
0.97592
0.97615
0.97637
0.97660
0.97682
0.97704
0.97727
0.97749
0.97771
0.97793
0.97816
0.97838
0.97860
0.97882
0.97904
0.97926
0.97948
0.97970
0.97992
0.98014
0.98036
0.98057
0.98079
0.98101
0.98123
0.98144
0.98166
0.98188
0.98209
0.98231
0.98252
0.98274
0.98295
0.98316
0.98338
0.98359
0.98380
0.98402
0.98423
0.98444
0.98465
0.98486
0.98507
0.98528
0.98549
0.98570
0.98591
0.98612
0.98633
0.98653
0.98674
0.98695
0.98715
0.98736
0.98757
0.98777
0.98798
0.98818
0.98839
0.98859
0.98879
0.98899
0.98920
0.98940
0.98960
0.98980
0.99000
0.99020
0.99040
0.99060
0.99080
0.99100
0.99120
0.99140
0.99159
0.99179
0.99199
0.99218
0.99238
0.99257
0.99277
0.99296
0.99315
0.99335
0.99354
0.99373
0.99392
0.99412
0.99431
0.99450
0.99469
0.99488
0.99507
0.99525
0.99544
0.99563
0.99582
0.99600
0.99619
0.99638
0.99656
0.99675
0.99693
0.99712
0.99730
0.99748
0.99766
0.99785
0.99803
0.99821
0.99839
0.99857
0.99875
0.99893
0.99911
0.99928
0.99946
0.99964
0.99982
0.99999
1.00017
1.00034
1.00052
1.00069
1.00086
1.00104
1.00121
1.00138
1.00155
1.00172
1.00189
1.00207
1.00223
1.00240
1.00257
1.00274
1.00291
1.00307
1.00324
1.00341
1.00357
1.00374
1.00390
1.00407
1.00423
1.00439
1.00455
1.00472
1.00488
1.00504
1.00520
1.00536
1.00552
1.00568
1.00583
1.00599
1.00615
1.00630
1.00646
1.00662
1.00677
1.00693
1.00708
1.00723
1.00739
1.00754
1.00769
1.00784
1.00799
1.00814
1.00829
1.00844
1.00859
1.00874
1.00888
1.00903
1.00918
1.00932
1.00947
1.00961
1.00976
1.00990
1.01004
1.01019
1.01033
1.01047
1.01061
1.01075
1.01089
1.01103
1.01117
1.01131
1.01144
1.01158
1.01172
1.01185
1.01199
1.01212
1.01226
1.01239
1.01252
1.01266
1.01279
1.01292
1.01305
1.01318
1.01331
1.01344
1.01357
1.01370
1.01383
1.01395
1.01408
1.01421
1.01433
1.01446
1.01458
1.01470
1.01483
1.01495
1.01507
1.01519
1.01531
1.01543
1.01555
1.01567
1.01579
1.01591
1.01603
1.01615
1.01626
1.01638
1.01649
1.01661
1.01672
1.01684
1.01695
1.01706
1.01717
1.01729
1.01740
1.01751
1.01762
1.01773
1.01784
1.01794
1.01805
1.01816
1.01826
1.01837
1.01848
1.01858
1.01869
1.01879
1.01889
1.01899
1.01910
1.01920
1.01930
1.01940
1.01950
1.01960
1.01970
1.01980
1.01989
1.01999
1.02009
1.02018
1.02028
1.02037
1.02047
1.02056
1.02065
1.02075
1.02084
1.02093
1.02102
1.02111
1.02120
1.02129
1.02138
1.02147
1.02156
1.02164
1.02173
1.02182
1.02190
1.02199
1.02207
1.02215
1.02224
1.02232
1.02240
1.02248
1.02257
1.02265
1.02273
1.02281
1.02288
1.02296
1.02304
1.02312
1.02319
1.02327
1.02335
1.02342
1.02350
1.02357
1.02364
1.02372
1.02379
1.02386
1.02393
1.02400
1.02407
1.02414
1.02421
1.02428
1.02435
1.02442
1.02448
1.02455
1.02462
1.02468
1.02475
1.02481
1.02488
1.02494
1.02500
1.02506
1.02513
1.02519
1.02525
1.02531
1.02537
1.02543
1.02549
1.02554
1.02560
1.02566
1.02571
1.02577
1.02583
1.02588
1.02594
1.02599
1.02604
1.02610
1.02615
1.02620
1.02625
1.02630
1.02635
1.02640
1.02645
1.02650
1.02655
1.02660
1.02664
1.02669
1.02674
1.02678
1.02683
1.02687
1.02692
1.02696
1.02701
1.02705
1.02709
1.02713
1.02717
1.02721
1.02725
1.02729
1.02733
1.02737
1.02741
1.02745
1.02749
1.02752
1.02756
1.02760
1.02763
1.02767
1.02770
1.02773
1.02777
1.02780
1.02783
1.02786
1.02790
1.02793
1.02796
1.02799
1.02802
1.02805
1.02808
1.02810
1.02813
1.02816
1.02819
1.02821
1.02824
1.02826
1.02829
1.02831
1.02834
1.02836
1.02838
1.02841
1.02843
1.02845
1.02847
1.02849
1.02851
1.02853
1.02855
1.02857
1.02859
1.02861
1.02862
1.02864
1.02866
1.02867
1.02869
1.02870
1.02872
1.02873
1.02875
1.02876
1.02877
1.02879
1.02880
1.02881
1.02882
1.02883
1.02884
1.02885
1.02886
1.02887
1.02888
1.02889
1.02890
1.02891
1.02891
1.02892
1.02893
1.02893
1.02894
1.02894
1.02895
1.02895
1.02895
1.02896
1.02896
1.02896
1.02896
1.02897
1.02897
1.02897
1.02897
1.02897
1.02897
1.02897
1.02897
1.02896
1.02896
1.02896
1.02896
1.02895
1.02895
1.02895
1.02894
1.02894
1.02893
1.02893
1.02892
1.02891
1.02891
1.02890
1.02889
1.02888
1.02888
1.02887
1.02886
1.02885
1.02884
1.02883
1.02882
1.02881
1.02880
1.02878
1.02877
1.02876
1.02875
1.02873
1.02872
1.02871
1.02869
1.02868
1.02866
1.02865
1.02863
1.02862
1.02860
1.02858
1.02857
1.02855
1.02853
1.02851
1.02849
1.02848
1.02846
1.02844
1.02842
1.02840
1.02838
1.02836
1.02833
1.02831
1.02829
1.02827
1.02825
1.02822
1.02820
1.02818
1.02815
1.02813
1.02810
1.02808
1.02805
1.02803
1.02800
1.02798
1.02795
1.02792
1.02790
1.02787
1.02784
1.02781
1.02779
1.02776
1.02773
1.02770
1.02767
1.02764
1.02761
1.02758
1.02755
1.02752
1.02749
1.02745
1.02742
1.02739
1.02736
1.02732
1.02729
1.02726
1.02722
1.02719
1.02716
1.02712
1.02709
1.02705
1.02702
1.02698
1.02695
1.02691
1.02687
1.02684
1.02680
1.02676
1.02672
1.02669
1.02665
1.02661
1.02657
1.02653
1.02649
1.02645
1.02641
1.02637
1.02633
1.02629
1.02625
1.02621
1.02617
1.02613
1.02609
1.02605
1.02600
1.02596
1.02592
1.02588
1.02583
1.02579
1.02575
1.02570
1.02566
1.02561
1.02557
1.02552
1.02548
1.02543
1.02539
1.02534
1.02530
1.02525
1.02520
1.02516
1.02511
1.02506
1.02502
1.02497
1.02492
1.02487
1.02483
1.02478
1.02473
1.02468
1.02463
1.02458
1.02453
1.02448
1.02443
1.02438
1.02433
1.02428
1.02423
1.02418
1.02413
1.02408
1.02403
1.02398
1.02392
1.02387
1.02382
1.02377
1.02372
1.02366
1.02361
1.02356
1.02350
1.02345
1.02340
1.02334
1.02329
1.02324
1.02318
1.02313
1.02307
1.02302
1.02296
1.02291
1.02285
1.02280
1.02274
1.02269
1.02263
1.02257
1.02252
1.02246
1.02240
1.02235
1.02229
1.02223
1.02218
1.02212
1.02206
1.02201
1.02195
1.02189
1.02183
1.02177
1.02172
1.02166
1.02160
1.02154
1.02148
1.02142
1.02136
1.02130
1.02124
1.02118
1.02112
1.02107
1.02101
1.02095
1.02089
1.02083
1.02076
1.02070
1.02064
1.02058
1.02052
1.02046
1.02040
1.02034
1.02028
1.02022
1.02015
1.02009
1.02003
1.01997
1.01991
1.01985
1.01978
1.01972
1.01966
1.01960
1.01953
1.01947
1.01941
1.01935
1.01928
1.01922
1.01916
1.01909
1.01903
1.01897
1.01890
1.01884
1.01878
1.01871
1.01865
1.01859
1.01852
1.01846
1.01839
1.01833
1.01826
1.01820
1.01814
1.01807
1.01801
1.01794
1.01788
1.01781
1.01775
1.01768
1.01762
1.01755
1.01749
1.01742
1.01736
1.01729
1.01723
1.01716
1.01710
1.01703
1.01697
1.01690
1.01684
1.01677
1.01670
1.01664
1.01657
1.01651
1.01644
1.01637
1.01631
1.01624
1.01618
1.01611
1.01604
1.01598
1.01591
1.01585
1.01578
1.01571
1.01565
1.01558
1.01551
1.01545
1.01538
1.01531
1.01525
1.01518
1.01511
1.01505
1.01498
1.01492
1.01485
1.01478
1.01472
1.01465
1.01458
1.01451
1.01445
1.01438
1.01431
1.01425
1.01418
1.01411
1.01405
1.01398
1.01391
1.01385
1.01378
1.01371
1.01365
1.01358
1.01351
1.01345
1.01338
1.01331
1.01325
1.01318
1.01311
1.01304
1.01298
1.01291
1.01284
1.01278
1.01271
1.01264
1.01258
1.01251
1.01244
1.01238
1.01231
1.01224
1.01218
1.01211
1.01204
1.01198
1.01191
1.01184
1.01178
1.01171
1.01164
1.01158
1.01151
1.01145
1.01138
1.01131
1.01125
1.01118
1.01111
1.01105
1.01098
1.01091
1.01085
1.01078
1.01072
1.01065
1.01058
1.01052
1.01045
1.01039
1.01032
1.01026
1.01019
1.01012
1.01006
1.00999
1.00993
1.00986
1.00980
1.00973
1.00966
1.00960
1.00953
1.00947
1.00940
1.00934
1.00927
1.00921
1.00914
1.00908
1.00901
1.00895
1.00888
1.00882
1.00876
1.00869
1.00863
1.00856
1.00850
1.00843
1.00837
1.00830
1.00824
1.00818
1.00811
1.00805
1.00798
1.00792
1.00786
1.00779
1.00773
1.00767
1.00760
1.00754
1.00748
1.00741
1.00735
1.00729
1.00722
1.00716
1.00710
1.00704
1.00697
1.00691
1.00685
1.00679
1.00672
1.00666
1.00660
1.00654
1.00647
1.00641
1.00635
1.00629
1.00623
1.00617
1.00610
1.00604
1.00598
1.00592
1.00586
1.00580
1.00574
1.00568
1.00562
1.00555
1.00549
1.00543
1.00537
1.00531
1.00525
1.00519
1.00513
1.00507
1.00501
1.00495
1.00489
1.00483
1.00477
1.00472
1.00466
1.00460
1.00454
1.00448
1.00442
1.00436
1.00430
1.00424
1.00419
1.00413
1.00407
1.00401
1.00395
1.00390
1.00384
1.00378
1.00372
1.00367
1.00361
1.00355
1.00349
1.00344
1.00338
1.00332
1.00327
1.00321
1.00315
1.00310
1.00304
1.00299
1.00293
1.00287
1.00282
1.00276
1.00271
1.00265
1.00260
1.00254
1.00249
1.00243
1.00238
1.00232
1.00227
1.00221
1.00216
1.00211
1.00205
1.00200
1.00194
1.00189
1.00184
1.00178
1.00173
1.00168
1.00162
1.00157
1.00152
1.00147
1.00141
1.00136
1.00131
1.00126
1.00121
1.00115
1.00110
1.00105
1.00100
1.00095
1.00090
1.00085
1.00079
1.00074
1.00069
1.00064
1.00059
1.00054
1.00049
1.00044
1.00039
1.00034
1.00029
1.00024
1.00019
1.00014
1.00010
1.00005
1.00000
0.99995
0.99990
0.99985
0.99980
0.99976
0.99971
0.99966
0.99961
0.99957
0.99952
0.99947
0.99942
0.99938
0.99933
0.99928
0.99924
0.99919
0.99914
0.99910
0.99905
0.99901
0.99896
0.99892
0.99887
0.99883
0.99878
0.99874
0.99869
0.99865
0.99860
0.99856
0.99851
0.99847
0.99842
0.99838
0.99834
0.99829
0.99825
0.99821
0.99816
0.99812
0.99808
0.99804
0.99799
0.99795
0.99791
0.99787
0.99783
0.99778
0.99774
0.99770
0.99766
0.99762
0.99758
0.99754
0.99750
0.99746
0.99742
0.99738
0.99734
0.99730
0.99726
0.99722
0.99718
0.99714
0.99710
0.99706
0.99702
0.99698
0.99694
0.99690
0.99687
0.99683
0.99679
0.99675
0.99671
0.99668
0.99664
0.99660
0.99657
0.99653
0.99649
0.99646
0.99642
0.99638
0.99635
0.99631
0.99628
0.99624
0.99620
0.99617
0.99613
0.99610
0.99606
0.99603
0.99599
0.99596
0.99593
0.99589
0.99586
0.99582
0.99579
0.99576
0.99572
0.99569
0.99566
0.99562
0.99559
0.99556
0.99553
0.99549
0.99546
0.99543
0.99540
0.99537
0.99534
0.99530
0.99527
0.99524
0.99521
0.99518
0.99515
0.99512
0.99509
0.99506
0.99503
0.99500
0.99497
0.99494
0.99491
0.99488
0.99485
0.99482
0.99480
0.99477
0.99474
0.99471
0.99468
0.99465
0.99463
0.99460
0.99457
0.99454
0.99452
0.99449
0.99446
0.99444
0.99441
0.99438
0.99436
0.99433
0.99430
0.99428
0.99425
0.99423
0.99420
0.99418
0.99415
0.99413
0.99410
0.99408
0.99405
0.99403
0.99401
0.99398
0.99396
0.99393
0.99391
0.99389
0.99386
0.99384
0.99382
0.99380
0.99377
0.99375
0.99373
0.99371
0.99368
0.99366
0.99364
0.99362
0.99360
0.99358
0.99355
0.99353
0.99351
0.99349
0.99347
0.99345
0.99343
0.99341
0.99339
0.99337
0.99335
0.99333
0.99331
0.99329
0.99328
0.99326
0.99324
0.99322
0.99320
0.99318
0.99316
0.99315
0.99313
0.99311
0.99309
0.99308
0.99306
0.99304
0.99302
0.99301
0.99299
0.99297
0.99296
0.99294
0.99293
0.99291
0.99289
0.99288
0.99286
0.99285
0.99283
0.99282
0.99280
0.99279
0.99277
0.99276
0.99274
0.99273
0.99272
0.99270
0.99269
0.99267
0.99266
0.99265
0.99263
0.99262
0.99261
0.99260
0.99258
0.99257
0.99256
0.99255
0.99253
0.99252
0.99251
0.99250
0.99249
0.99248
0.99246
0.99245
0.99244
0.99243
0.99242
0.99241
0.99240
0.99239
0.99238
0.99237
0.99236
0.99235
0.99234
0.99233
0.99232
0.99231
0.99230
0.99229
0.99228
0.99228
0.99227
0.99226
0.99225
0.99224
0.99223
0.99223
0.99222
0.99221
0.99220
0.99220
0.99219
0.99218
0.99217
0.99217
0.99216
0.99215
0.99215
0.99214
0.99213
0.99213
0.99212
0.99212
0.99211
0.99211
0.99210
0.99209
0.99209
0.99208
0.99208
0.99207
0.99207
0.99206
0.99206
0.99206
0.99205
0.99205
0.99204
0.99204
0.99204
0.99203
0.99203
0.99203
0.99202
0.99202
0.99202
0.99201
0.99201
0.99201
0.99201
0.99200
0.99200
0.99200
0.99200
0.99199
0.99199
0.99199
0.99199
0.99199
0.99199
0.99199
0.99198
0.99198
0.99198
0.99198
0.99198
0.99198
0.99198
0.99198
0.99198
0.99198
0.99198
0.99198
0.99198
0.99198
0.99198
0.99198
0.99198
0.99198
0.99198
0.99198
0.99199
0.99199
0.99199
0.99199
0.99199
0.99199
0.99199
0.99200
0.99200
0.99200
0.99200
0.99200
0.99201
0.99201
0.99201
0.99202
0.99202
0.99202
0.99202
0.99203
0.99203
0.99203
0.99204
0.99204
0.99204
0.99205
0.99205
0.99206
0.99206
0.99206
0.99207
0.99207
0.99208
0.99208
0.99209
0.99209
0.99210
0.99210
0.99211
0.99211
0.99212
0.99212
0.99213
0.99213
0.99214
0.99214
0.99215
0.99216
0.99216
0.99217
0.99217
0.99218
0.99219
0.99219
0.99220
0.99221
0.99221
0.99222
0.99223
0.99223
0.99224
0.99225
0.99225
0.99226
0.99227
0.99228
0.99228
0.99229
0.99230
0.99231
0.99232
0.99232
0.99233
0.99234
0.99235
0.99236
0.99236
0.99237
0.99238
0.99239
0.99240
0.99241
0.99242
0.99243
0.99244
0.99244
0.99245
0.99246
0.99247
0.99248
0.99249
0.99250
0.99251
0.99252
0.99253
0.99254
0.99255
0.99256
0.99257
0.99258
0.99259
0.99260
0.99261
0.99262
0.99263
0.99264
0.99265
0.99267
0.99268
0.99269
0.99270
0.99271
0.99272
0.99273
0.99274
0.99275
0.99277
0.99278
0.99279
0.99280
0.99281
0.99282
0.99284
0.99285
0.99286
0.99287
0.99288
0.99290
0.99291
0.99292
0.99293
0.99295
0.99296
0.99297
0.99298
0.99300
0.99301
0.99302
0.99304
0.99305
0.99306
0.99307
0.99309
0.99310
0.99311
0.99313
0.99314
0.99315
0.99317
0.99318
0.99319
0.99321
0.99322
0.99324
0.99325
0.99326
0.99328
0.99329
0.99331
0.99332
0.99333
0.99335
0.99336
0.99338
0.99339
0.99341
0.99342
0.99343
0.99345
0.99346
0.99348
0.99349
0.99351
0.99352
0.99354
0.99355
0.99357
0.99358
0.99360
0.99361
0.99363
0.99364
0.99366
0.99367
0.99369
0.99370
0.99372
0.99374
0.99375
0.99377
0.99378
0.99380
0.99381
0.99383
0.99385
0.99386
0.99388
0.99389
0.99391
0.99392
0.99394
0.99396
0.99397
0.99399
0.99401
0.99402
0.99404
0.99405
0.99407
0.99409
0.99410
0.99412
0.99414
0.99415
0.99417
0.99419
0.99420
0.99422
0.99424
0.99425
0.99427
0.99429
0.99430
0.99432
0.99434
0.99435
0.99437
0.99439
0.99440
0.99442
0.99444
0.99446
0.99447
0.99449
0.99451
0.99452
0.99454
0.99456
0.99458
0.99459
0.99461
0.99463
0.99464
0.99466
0.99468
0.99470
0.99471
0.99473
0.99475
0.99477
0.99479
0.99480
0.99482
0.99484
0.99486
0.99487
0.99489
0.99491
0.99493
0.99494
0.99496
0.99498
0.99500
0.99502
0.99503
0.99505
0.99507
0.99509
0.99511
0.99512
0.99514
0.99516
0.99518
0.99520
0.99521
0.99523
0.99525
0.99527
0.99529
0.99530
0.99532
0.99534
0.99536
0.99538
0.99539
0.99541
0.99543
0.99545
0.99547
0.99549
0.99550
0.99552
0.99554
0.99556
0.99558
0.99560
0.99561
0.99563
0.99565
0.99567
0.99569
0.99571
0.99572
0.99574
0.99576
0.99578
0.99580
0.99582
0.99583
0.99585
0.99587
0.99589
0.99591
0.99593
0.99595
0.99596
0.99598
0.99600
0.99602
0.99604
0.99606
0.99608
0.99609
0.99611
0.99613
0.99615
0.99617
0.99619
0.99620
0.99622
0.99624
0.99626
0.99628
0.99630
0.99632
0.99633
0.99635
0.99637
0.99639
0.99641
0.99643
0.99645
0.99646
0.99648
0.99650
0.99652
0.99654
0.99656
0.99657
0.99659
0.99661
0.99663
0.99665
0.99667
0.99669
0.99670
0.99672
0.99674
0.99676
0.99678
0.99680
0.99681
0.99683
0.99685
0.99687
0.99689
0.99691
0.99692
0.99694
0.99696
0.99698
0.99700
0.99702
0.99703
0.99705
0.99707
0.99709
0.99711
0.99713
0.99714
0.99716
0.99718
0.99720
0.99722
0.99723
0.99725
0.99727
0.99729
0.99731
0.99733
0.99734
0.99736
0.99738
0.99740
0.99742
0.99743
0.99745
0.99747
0.99749
0.99751
0.99752
0.99754
0.99756
0.99758
0.99760
0.99761
0.99763
0.99765
0.99767
0.99768
0.99770
0.99772
0.99774
0.99776
0.99777
0.99779
0.99781
0.99783
0.99784
0.99786
0.99788
0.99790
0.99791
0.99793
0.99795
0.99797
0.99798
0.99800
0.99802
0.99804
0.99805
0.99807
0.99809
0.99811
0.99812
0.99814
0.99816
0.99817
0.99819
0.99821
0.99823
0.99824
0.99826
0.99828
0.99829
0.99831
0.99833
0.99835
0.99836
0.99838
0.99840
0.99841
0.99843
0.99845
0.99846
0.99848
0.99850
0.99851
0.99853
0.99855
0.99856
0.99858
0.99860
0.99861
0.99863
0.99865
0.99866
0.99868
0.99870
0.99871
0.99873
0.99874
0.99876
0.99878
0.99879
0.99881
0.99883
0.99884
0.99886
0.99887
0.99889
0.99891
0.99892
0.99894
0.99895
0.99897
0.99899
0.99900
0.99902
0.99903
0.99905
0.99907
0.99908
0.99910
0.99911
0.99913
0.99914
0.99916
0.99917
0.99919
0.99921
0.99922
0.99924
0.99925
0.99927
0.99928
0.99930
0.99931
0.99933
0.99934
0.99936
0.99937
0.99939
0.99940
0.99942
0.99943
0.99945
0.99946
0.99948
0.99949
0.99951
0.99952
0.99954
0.99955
0.99957
0.99958
0.99960
0.99961
0.99962
0.99964
0.99965
0.99967
0.99968
0.99970
0.99971
0.99972
0.99974
0.99975
0.99977
0.99978
0.99980
0.99981
0.99982
0.99984
0.99985
0.99987
0.99988
0.99989
0.99991
0.99992
0.99993
0.99995
0.99996
0.99997
0.99999
1.00000
1.00002
1.00003
1.00004
1.00006
1.00007
1.00008
1.00010
1.00011
1.00012
1.00013
1.00015
1.00016
1.00017
1.00019
1.00020
1.00021
1.00023
1.00024
1.00025
1.00026
1.00028
1.00029
1.00030
1.00031
1.00033
1.00034
1.00035
1.00036
1.00038
1.00039
1.00040
1.00041
1.00043
1.00044
1.00045
1.00046
1.00047
1.00049
1.00050
1.00051
1.00052
1.00053
1.00054
1.00056
1.00057
1.00058
1.00059
1.00060
1.00061
1.00063
1.00064
1.00065
1.00066
1.00067
1.00068
1.00069
1.00071
1.00072
1.00073
1.00074
1.00075
1.00076
1.00077
1.00078
1.00079
1.00080
1.00082
1.00083
1.00084
1.00085
1.00086
1.00087
1.00088
1.00089
1.00090
1.00091
1.00092
1.00093
1.00094
1.00095
1.00096
1.00097
1.00098
1.00099
1.00100
1.00101
1.00102
1.00103
1.00104
1.00105
1.00106
1.00107
1.00108
1.00109
1.00110
1.00111
1.00112
1.00113
1.00114
1.00115
1.00116
1.00117
1.00118
1.00118
1.00119
1.00120
1.00121
1.00122
1.00123
1.00124
1.00125
1.00126
1.00127
1.00127
1.00128
1.00129
1.00130
1.00131
1.00132
1.00133
1.00134
1.00134
1.00135
1.00136
1.00137
1.00138
1.00139
1.00139
1.00140
1.00141
1.00142
1.00143
1.00143
1.00144
1.00145
1.00146
1.00147
1.00147
1.00148
1.00149
1.00150
1.00150
1.00151
1.00152
1.00153
1.00153
1.00154
1.00155
1.00156
1.00156
1.00157
1.00158
1.00158
1.00159
1.00160
1.00161
1.00161
1.00162
1.00163
1.00163
1.00164
1.00165
1.00165
1.00166
1.00167
1.00167
1.00168
1.00169
1.00169
1.00170
1.00171
1.00171
1.00172
1.00172
1.00173
1.00174
1.00174
1.00175
1.00176
1.00176
1.00177
1.00177
1.00178
1.00179
1.00179
1.00180
1.00180
1.00181
1.00181
1.00182
1.00182
1.00183
1.00184
1.00184
1.00185
1.00185
1.00186
1.00186
1.00187
1.00187
1.00188
1.00188
1.00189
1.00189
1.00190
1.00190
1.00191
1.00191
1.00192
1.00192
1.00193
1.00193
1.00194
1.00194
1.00195
1.00195
1.00195
1.00196
1.00196
1.00197
1.00197
1.00198
1.00198
1.00198
1.00199
1.00199
1.00200
1.00200
1.00201
1.00201
1.00201
1.00202
1.00202
1.00202
1.00203
1.00203
1.00204
1.00204
1.00204
1.00205
1.00205
1.00205
1.00206
1.00206
1.00206
1.00207
1.00207
1.00207
1.00208
1.00208
1.00208
1.00209
1.00209
1.00209
1.00210
1.00210
1.00210
1.00210
1.00211
1.00211
1.00211
1.00212
1.00212
1.00212
1.00212
1.00213
1.00213
1.00213
1.00213
1.00214
1.00214
1.00214
1.00214
1.00215
1.00215
1.00215
1.00215
1.00215
1.00216
1.00216
1.00216
1.00216
1.00217
1.00217
1.00217
1.00217
1.00217
1.00217
1.00218
1.00218
1.00218
1.00218
1.00218
1.00218
1.00219
1.00219
1.00219
1.00219
1.00219
1.00219
1.00219
1.00220
1.00220
1.00220
1.00220
1.00220
1.00220
1.00220
1.00220
1.00221
1.00221
1.00221
1.00221
1.00221
1.00221
1.00221
1.00221
1.00221
1.00221
1.00221
1.00221
1.00221
1.00222
1.00222
1.00222
1.00222
1.00222
1.00222
1.00222
1.00222
1.00222
1.00222
1.00222
1.00222
1.00222
1.00222
1.00222
1.00222
1.00222
1.00222
1.00222
1.00222
1.00222
1.00222
1.00222
1.00222
1.00222
1.00222
1.00222
1.00222
1.00222
1.00222
1.00222
1.00222
1.00222
1.00222
1.00222
1.00222
1.00222
1.00222
1.00221
1.00221
1.00221
1.00221
1.00221
1.00221
1.00221
1.00221
1.00221
1.00221
1.00221
1.00221
1.00221
1.00220
1.00220
1.00220
1.00220
1.00220
1.00220
1.00220
1.00220
1.00220
1.00219
1.00219
1.00219
1.00219
1.00219
1.00219
1.00219
1.00219
1.00218
1.00218
1.00218
1.00218
1.00218
1.00218
1.00218
1.00217
1.00217
1.00217
1.00217
1.00217
1.00217
1.00216
1.00216
1.00216
1.00216
1.00216
1.00215
1.00215
1.00215
1.00215
1.00215
1.00214
1.00214
1.00214
1.00214
1.00214
1.00213
1.00213
1.00213
1.00213
1.00213
1.00212
1.00212
1.00212
1.00212
1.00211
1.00211
1.00211
1.00211
1.00210
1.00210
1.00210
1.00210
1.00209
1.00209
1.00209
1.00209
1.00208
1.00208
1.00208
1.00208
1.00207
1.00207
1.00207
1.00207
1.00206
1.00206
1.00206
1.00205
1.00205
1.00205
1.00205
1.00204
1.00204
1.00204
1.00203
1.00203
1.00203
1.00202
1.00202
1.00202
1.00202
1.00201
1.00201
1.00201
1.00200
1.00200
1.00200
1.00199
1.00199
1.00199
1.00198
1.00198
1.00198
1.00197
1.00197
1.00197
1.00196
1.00196
1.00196
1.00195
1.00195
1.00195
1.00194
1.00194
1.00194
1.00193
1.00193
1.00192
1.00192
1.00192
1.00191
1.00191
1.00191
1.00190
1.00190
1.00190
1.00189
1.00189
1.00188
1.00188
1.00188
1.00187
1.00187
1.00186
1.00186
1.00186
1.00185
1.00185
1.00185
1.00184
1.00184
1.00183
1.00183
1.00183
1.00182
1.00182
1.00181
1.00181
1.00181
1.00180
1.00180
1.00179
1.00179
1.00178
1.00178
1.00178
1.00177
1.00177
1.00176
1.00176
1.00176
1.00175
1.00175
1.00174
1.00174
1.00173
1.00173
1.00173
1.00172
1.00172
1.00171
1.00171
1.00170
1.00170
1.00170
1.00169
1.00169
1.00168
1.00168
1.00167
1.00167
1.00166
1.00166
1.00166
1.00165
1.00165
1.00164
1.00164
1.00163
1.00163
1.00162
1.00162
1.00161
1.00161
1.00160
1.00160
1.00160
1.00159
1.00159
1.00158
1.00158
1.00157
1.00157
1.00156
1.00156
1.00155
1.00155
1.00154
1.00154
1.00153
1.00153
1.00153
1.00152
1.00152
1.00151
1.00151
1.00150
1.00150
1.00149
1.00149
1.00148
1.00148
1.00147
1.00147
1.00146
1.00146
1.00145
1.00145
1.00144
1.00144
1.00143
1.00143
1.00142
1.00142
1.00141
1.00141
1.00140
1.00140
1.00139
1.00139
1.00138
1.00138
1.00137
1.00137
1.00136
1.00136
1.00135
1.00135
1.00134
1.00134
1.00133
1.00133
1.00132
1.00132
1.00131
1.00131
1.00130
1.00130
1.00129
1.00129
1.00128
1.00128
1.00127
1.00127
1.00126
1.00126
1.00125
1.00125
1.00124
1.00124
1.00123
1.00123
1.00122
1.00122
1.00121
1.00121
1.00120
1.00120
1.00119
1.00119
1.00118
1.00118
1.00117
1.00117
1.00116
1.00116
1.00115
1.00115
1.00114
1.00114
1.00113
1.00113
1.00112
1.00112
1.00111
1.00111
1.00110
1.00110
1.00109
1.00109
1.00108
1.00108
1.00107
1.00107
1.00106
1.00106
1.00105
1.00105
1.00104
1.00104
1.00103
1.00102
1.00102
1.00101
1.00101
1.00100
1.00100
1.00099
1.00099
1.00098
1.00098
1.00097
1.00097
1.00096
1.00096
1.00095
1.00095
1.00094
1.00094
1.00093
1.00093
1.00092
1.00092
1.00091
1.00091
1.00090
1.00090
1.00089
1.00089
1.00088
1.00088
1.00087
1.00087
1.00086
1.00086
1.00085
1.00085
1.00084
1.00084
1.00083
1.00083
1.00082
1.00082
1.00081
1.00081
1.00080
1.00080
1.00079
1.00079
1.00078
1.00078
1.00077
1.00077
1.00076
1.00076
1.00075
1.00075
1.00074
1.00074
1.00073
1.00073
1.00072
1.00072
1.00071
1.00071
1.00070
1.00070
1.00069
1.00069
1.00068
1.00068
1.00067
1.00067
1.00066
1.00066
1.00065
1.00065
1.00064
1.00064
1.00063
1.00063
1.00062
1.00062
1.00061
1.00061
1.00060
1.00060
1.00059
1.00059
1.00058
1.00058
1.00057
1.00057
1.00056
1.00056
1.00055
1.00055
1.00054
1.00054
1.00053
1.00053
1.00052
1.00052
1.00051
1.00051
1.00051
1.00050
1.00050
1.00049
1.00049
1.00048
1.00048
1.00047
1.00047
1.00046
1.00046
1.00045
1.00045
1.00044
1.00044
1.00043
1.00043
1.00043
1.00042
1.00042
1.00041
1.00041
1.00040
1.00040
1.00039
1.00039
1.00038
1.00038
1.00037
1.00037
1.00037
1.00036
1.00036
1.00035
1.00035
1.00034
1.00034
1.00033
1.00033
1.00032
1.00032
1.00032
1.00031
1.00031
1.00030
1.00030
1.00029
1.00029
1.00028
1.00028
1.00028
1.00027
1.00027
1.00026
1.00026
1.00025
1.00025
1.00025
1.00024
1.00024
1.00023
1.00023
1.00022
1.00022
1.00022
1.00021
1.00021
1.00020
1.00020
1.00019
1.00019
1.00019
1.00018
1.00018
1.00017
1.00017
1.00016
1.00016
1.00016
1.00015
1.00015
1.00014
1.00014
1.00014
1.00013
1.00013
1.00012
1.00012
1.00012
1.00011
1.00011
1.00010
1.00010
1.00010
1.00009
1.00009
1.00008
1.00008
1.00008
1.00007
1.00007
1.00006
1.00006
1.00006
1.00005
1.00005
1.00004
1.00004
1.00004
1.00003
1.00003
1.00003
1.00002
1.00002
1.00001
1.00001
1.00001
1.00000
1.00000
1.00000
0.99999
0.99999
0.99998
0.99998
0.99998
0.99997
0.99997
0.99997
0.99996
0.99996
0.99996
0.99995
0.99995
0.99994
0.99994
0.99994
0.99993
0.99993
0.99993
0.99992
0.99992
0.99992
0.99991
0.99991
0.99991
0.99990
0.99990
0.99990
0.99989
0.99989
0.99989
0.99988
0.99988
0.99988
0.99987
0.99987
0.99987
0.99986
0.99986
0.99986
0.99985
0.99985
0.99985
0.99984
0.99984
0.99984
0.99983
0.99983
0.99983
0.99982
0.99982
0.99982
0.99981
0.99981
0.99981
0.99980
0.99980
0.99980
0.99980
0.99979
0.99979
0.99979
0.99978
0.99978
0.99978
0.99977
0.99977
0.99977
0.99977
0.99976
0.99976
0.99976
0.99975
0.99975
0.99975
0.99974
0.99974
0.99974
0.99974
0.99973
0.99973
0.99973
0.99973
0.99972
0.99972
0.99972
0.99971
0.99971
0.99971
0.99971
0.99970
0.99970
0.99970
0.99970
0.99969
0.99969
0.99969
0.99968
0.99968
0.99968
0.99968
0.99967
0.99967
0.99967
0.99967
