0.00000
0.00000
0.00018
0.00054
0.00107
0.00178
0.00266
0.00372
0.00495
0.00634
0.00791
0.00964
0.01153
0.01359
0.01581
0.01819
0.02073
0.02343
0.02628
0.02928
0.03244
0.03574
0.03919
0.04279
0.04654
0.05043
0.05446
0.05863
0.06293
0.06738
0.07196
0.07667
0.08151
0.08648
0.09158
0.09680
0.10215
0.10762
0.11320
0.11891
0.12474
0.13067
0.13672
0.14289
0.14916
0.15554
0.16202
0.16861
0.17529
0.18208
0.18897
0.19595
0.20303
0.21020
0.21746
0.22480
0.23224
0.23976
0.24736
0.25505
0.26281
0.27065
0.27857
0.28656
0.29462
0.30275
0.31095
0.31922
0.32755
0.33595
0.34440
0.35292
0.36149
0.37012
0.37880
0.38753
0.39631
0.40514
0.41402
0.42294
0.43191
0.44091
0.44996
0.45904
0.46816
0.47731
0.48650
0.49571
0.50496
0.51423
0.52353
0.53285
0.54219
0.55155
0.56094
0.57034
0.57975
0.58918
0.59862
0.60807
0.61753
0.62700
0.63647
0.64595
0.65543
0.66491
0.67439
0.68387
0.69334
0.70281
0.71227
0.72173
0.73117
0.74061
0.75003
0.75944
0.76883
0.77821
0.78757
0.79690
0.80622
0.81552
0.82479
0.83403
0.84325
0.85245
0.86161
0.87075
0.87985
0.88892
0.89795
0.90695
0.91592
0.92485
0.93373
0.94258
0.95139
0.96015
0.96888
0.97755
0.98619
0.99477
1.00331
1.01180
1.02024
1.02863
1.03697
1.04525
1.05348
1.06166
1.06978
1.07785
1.08585
1.09380
1.10169
1.10952
1.11729
1.12500
1.13265
1.14023
1.14775
1.15520
1.16259
1.16991
1.17716
1.18435
1.19147
1.19852
1.20550
1.21241
1.21924
1.22601
1.23270
1.23933
1.24587
1.25235
1.25875
1.26507
1.27132
1.27750
1.28359
1.28961
1.29556
1.30142
1.30721
1.31292
1.31855
1.32410
1.32957
1.33496
1.34027
1.34550
1.35065
1.35572
1.36071
1.36561
1.37044
1.37518
1.37984
1.38441
1.38891
1.39332
1.39765
1.40189
1.40606
1.41013
1.41413
1.41804
1.42187
1.42561
1.42928
1.43285
1.43635
1.43976
1.44308
1.44633
1.44949
1.45256
1.45555
1.45846
1.46129
1.46403
1.46669
1.46927
1.47176
1.47417
1.47650
1.47875
1.48092
1.48300
1.48500
1.48692
1.48876
1.49052
1.49219
1.49379
1.49531
1.49674
1.49810
1.49938
1.50058
1.50170
1.50274
1.50370
1.50459
1.50540
1.50613
1.50679
1.50737
1.50787
1.50830
1.50865
1.50893
1.50914
1.50927
1.50933
1.50932
1.50924
1.50908
1.50885
1.50855
1.50819
1.50775
1.50724
1.50667
1.50602
1.50531
1.50453
1.50369
1.50278
1.50181
1.50077
1.49966
1.49850
1.49727
1.49597
1.49462
1.49321
1.49173
1.49019
1.48860
1.48695
1.48524
1.48347
1.48164
1.47976
1.47783
1.47583
1.47379
1.47169
1.46954
1.46734
1.46508
1.46278
1.46042
1.45802
1.45556
1.45306
1.45051
1.44792
1.44527
1.44259
1.43986
1.43708
1.43426
1.43140
1.42850
1.42556
1.42258
1.41955
1.41649
1.41339
1.41026
1.40708
1.40387
1.40063
1.39735
1.39404
1.39069
1.38731
1.38390
1.38046
1.37699
1.37349
1.36996
1.36640
1.36282
1.35920
1.35557
1.35190
1.34822
1.34451
1.34077
1.33702
1.33324
1.32944
1.32562
1.32178
1.31793
1.31405
1.31016
1.30625
1.30232
1.29838
1.29443
1.29046
1.28648
1.28248
1.27848
1.27446
1.27043
1.26639
1.26234
1.25829
1.25423
1.25015
1.24608
1.24199
1.23790
1.23381
1.22971
1.22561
1.22151
1.21741
1.21330
1.20919
1.20508
1.20098
1.19687
1.19277
1.18866
1.18456
1.18047
1.17638
1.17229
1.16821
1.16413
1.16006
1.15600
1.15194
1.14789
1.14385
1.13982
1.13580
1.13179
1.12779
1.12380
1.11982
1.11586
1.11191
1.10797
1.10404
1.10013
1.09623
1.09235
1.08849
1.08464
1.08081
1.07699
1.07319
1.06941
1.06565
1.06191
1.05818
1.05448
1.05079
1.04713
1.04349
1.03986
1.03626
1.03269
1.02913
1.02560
1.02209
1.01860
1.01514
1.01170
1.00829
1.00490
1.00154
0.99820
0.99489
0.99160
0.98835
0.98511
0.98191
0.97873
0.97558
0.97246
0.96937
0.96630
0.96326
0.96026
0.95728
0.95433
0.95141
0.94852
0.94566
0.94284
0.94004
0.93727
0.93454
0.93183
0.92916
0.92652
0.92391
0.92133
0.91878
0.91627
0.91379
0.91134
0.90892
0.90654
0.90419
0.90187
0.89959
0.89733
0.89512
0.89293
0.89078
0.88866
0.88658
0.88453
0.88251
0.88053
0.87858
0.87667
0.87479
0.87294
0.87113
0.86935
0.86761
0.86590
0.86423
0.86259
0.86098
0.85941
0.85787
0.85636
0.85489
0.85346
0.85206
0.85069
0.84935
0.84806
0.84679
0.84556
0.84436
0.84320
0.84207
0.84097
0.83991
0.83888
0.83788
0.83692
0.83599
0.83509
0.83423
0.83340
0.83260
0.83183
0.83110
0.83040
0.82973
0.82910
0.82849
0.82792
0.82738
0.82687
0.82640
0.82595
0.82554
0.82515
0.82480
0.82448
0.82419
0.82393
0.82370
0.82350
0.82332
0.82318
0.82307
0.82299
0.82293
0.82291
0.82291
0.82294
0.82300
0.82309
0.82320
0.82335
0.82352
0.82372
0.82394
0.82419
0.82447
0.82477
0.82510
0.82545
0.82583
0.82624
0.82667
0.82713
0.82760
0.82811
0.82864
0.82919
0.82976
0.83036
0.83098
0.83162
0.83229
0.83298
0.83369
0.83442
0.83517
0.83595
0.83674
0.83756
0.83839
0.83925
0.84012
0.84101
0.84193
0.84286
0.84381
0.84478
0.84577
0.84677
0.84779
0.84883
0.84989
0.85096
0.85205
0.85316
0.85428
0.85541
0.85657
0.85773
0.85891
0.86011
0.86132
0.86254
0.86378
0.86502
0.86629
0.86756
0.86885
0.87015
0.87146
0.87278
0.87411
0.87546
0.87681
0.87817
0.87955
0.88093
0.88233
0.88373
0.88514
0.88656
0.88799
0.88943
0.89087
0.89232
0.89378
0.89525
0.89672
0.89820
0.89968
0.90117
0.90267
0.90417
0.90567
0.90718
0.90870
0.91022
0.91174
0.91327
0.91480
0.91633
0.91786
0.91940
0.92094
0.92249
0.92403
0.92558
0.92712
0.92867
0.93022
0.93177
0.93332
0.93487
0.93642
0.93797
0.93952
0.94106
0.94261
0.94416
0.94570
0.94724
0.94878
0.95032
0.95185
0.95338
0.95491
0.95644
0.95796
0.95948
0.96100
0.96251
0.96401
0.96552
0.96701
0.96851
0.96999
0.97148
0.97295
0.97443
0.97589
0.97735
0.97881
0.98025
0.98169
0.98313
0.98456
0.98598
0.98739
0.98879
0.99019
0.99158
0.99296
0.99434
0.99570
0.99706
0.99841
0.99975
1.00108
1.00240
1.00372
1.00502
1.00632
1.00760
1.00888
1.01014
1.01140
1.01265
1.01388
1.01511
1.01632
1.01753
1.01872
1.01990
1.02107
1.02224
1.02339
1.02452
1.02565
1.02677
1.02787
1.02897
1.03005
1.03112
1.03218
1.03322
1.03426
1.03528
1.03629
1.03729
1.03827
1.03924
1.04021
1.04115
1.04209
1.04301
1.04392
1.04482
1.04571
1.04658
1.04744
1.04828
1.04912
1.04994
1.05075
1.05154
1.05232
1.05309
1.05385
1.05459
1.05532
1.05603
1.05674
1.05742
1.05810
1.05876
1.05941
1.06005
1.06067
1.06128
1.06188
1.06246
1.06303
1.06359
1.06413
1.06466
1.06518
1.06568
1.06617
1.06665
1.06711
1.06756
1.06800
1.06842
1.06883
1.06923
1.06961
1.06998
1.07034
1.07069
1.07102
1.07134
1.07165
1.07194
1.07222
1.07249
1.07275
1.07299
1.07322
1.07344
1.07365
1.07384
1.07402
1.07419
1.07434
1.07449
1.07462
1.07474
1.07485
1.07494
1.07503
1.07510
1.07516
1.07521
1.07525
1.07527
1.07529
1.07529
1.07528
1.07526
1.07523
1.07519
1.07513
1.07507
1.07500
1.07491
1.07481
1.07471
1.07459
1.07446
1.07433
1.07418
1.07402
1.07385
1.07367
1.07349
1.07329
1.07308
1.07287
1.07264
1.07240
1.07216
1.07191
1.07164
1.07137
1.07109
1.07080
1.07051
1.07020
1.06988
1.06956
1.06923
1.06889
1.06854
1.06819
1.06783
1.06746
1.06708
1.06669
1.06630
1.06590
1.06549
1.06508
1.06466
1.06423
1.06380
1.06336
1.06291
1.06246
1.06200
1.06153
1.06106
1.06058
1.06010
1.05961
1.05911
1.05861
1.05811
1.05760
1.05708
1.05656
1.05604
1.05551
1.05497
1.05443
1.05389
1.05334
1.05279
1.05223
1.05167
1.05111
1.05054
1.04997
1.04940
1.04882
1.04824
1.04765
1.04706
1.04647
1.04588
1.04528
1.04469
1.04408
1.04348
1.04287
1.04227
1.04166
1.04104
1.04043
1.03981
1.03920
1.03858
1.03796
1.03734
1.03671
1.03609
1.03546
1.03484
1.03421
1.03359
1.03296
1.03233
1.03170
1.03107
1.03044
1.02981
1.02918
1.02855
1.02792
1.02729
1.02666
1.02604
1.02541
1.02478
1.02416
1.02353
1.02290
1.02228
1.02166
1.02104
1.02042
1.01980
1.01918
1.01856
1.01795
1.01734
1.01673
1.01612
1.01551
1.01490
1.01430
1.01370
1.01310
1.01251
1.01191
1.01132
1.01073
1.01014
1.00956
1.00898
1.00840
1.00783
1.00725
1.00668
1.00612
1.00555
1.00499
1.00444
1.00388
1.00333
1.00279
1.00224
1.00170
1.00117
1.00064
1.00011
0.99958
0.99906
0.99854
0.99803
0.99752
0.99702
0.99652
0.99602
0.99553
0.99504
0.99455
0.99408
0.99360
0.99313
0.99266
0.99220
0.99174
0.99129
0.99084
0.99040
0.98996
0.98952
0.98909
0.98867
0.98825
0.98783
0.98742
0.98702
0.98662
0.98622
0.98583
0.98545
0.98507
0.98469
0.98432
0.98395
0.98359
0.98324
0.98289
0.98254
0.98220
0.98187
0.98154
0.98122
0.98090
0.98058
0.98027
0.97997
0.97967
0.97938
0.97909
0.97881
0.97853
0.97826
0.97800
0.97774
0.97748
0.97723
0.97699
0.97675
0.97651
0.97628
0.97606
0.97584
0.97563
0.97542
0.97522
0.97502
0.97483
0.97464
0.97446
0.97429
0.97411
0.97395
0.97379
0.97363
0.97348
0.97334
0.97320
0.97307
0.97294
0.97281
0.97269
0.97258
0.97247
0.97237
0.97227
0.97217
0.97208
0.97200
0.97192
0.97185
0.97178
0.97171
0.97166
0.97160
0.97155
0.97151
0.97147
0.97143
0.97140
0.97137
0.97135
0.97133
0.97132
0.97131
0.97131
0.97131
0.97132
0.97133
0.97134
0.97136
0.97138
0.97141
0.97144
0.97148
0.97152
0.97156
0.97161
0.97166
0.97172
0.97178
0.97184
0.97191
0.97198
0.97206
0.97214
0.97222
0.97231
0.97240
0.97250
0.97259
0.97270
0.97280
0.97291
0.97302
0.97314
0.97326
0.97338
0.97350
0.97363
0.97377
0.97390
0.97404
0.97418
0.97432
0.97447
0.97462
0.97477
0.97493
0.97509
0.97525
0.97541
0.97558
0.97575
0.97592
0.97610
0.97627
0.97645
0.97664
0.97682
0.97701
0.97720
0.97739
0.97758
0.97778
0.97797
0.97817
0.97837
0.97858
0.97878
0.97899
0.97920
0.97941
0.97962
0.97984
0.98005
0.98027
0.98049
0.98071
0.98093
0.98115
0.98138
0.98160
0.98183
0.98206
0.98229
0.98252
0.98275
0.98298
0.98322
0.98345
0.98369
0.98393
0.98416
0.98440
0.98464
0.98488
0.98512
0.98536
0.98560
0.98585
0.98609
0.98633
0.98658
0.98682
0.98706
0.98731
0.98755
0.98780
0.98804
0.98829
0.98854
0.98878
0.98903
0.98927
0.98952
0.98976
0.99001
0.99026
0.99050
0.99075
0.99099
0.99123
0.99148
0.99172
0.99197
0.99221
0.99245
0.99269
0.99293
0.99317
0.99341
0.99365
0.99389
0.99413
0.99437
0.99460
0.99484
0.99508
0.99531
0.99554
0.99577
0.99601
0.99624
0.99647
0.99669
0.99692
0.99715
0.99737
0.99760
0.99782
0.99804
0.99826
0.99848
0.99870
0.99891
0.99913
0.99934
0.99955
0.99977
0.99998
1.00018
1.00039
1.00060
1.00080
1.00100
1.00120
1.00140
1.00160
1.00179
1.00199
1.00218
1.00237
1.00256
1.00275
1.00293
1.00312
1.00330
1.00348
1.00366
1.00384
1.00401
1.00419
1.00436
1.00453
1.00470
1.00486
1.00503
1.00519
1.00535
1.00551
1.00566
1.00582
1.00597
1.00612
1.00627
1.00642
1.00656
1.00670
1.00684
1.00698
1.00712
1.00725
1.00739
1.00752
1.00764
1.00777
1.00790
1.00802
1.00814
1.00826
1.00837
1.00849
1.00860
1.00871
1.00882
1.00892
1.00902
1.00913
1.00923
1.00932
1.00942
1.00951
1.00960
1.00969
1.00978
1.00986
1.00995
1.01003
1.01010
1.01018
1.01025
1.01033
1.01040
1.01047
1.01053
1.01060
1.01066
1.01072
1.01077
1.01083
1.01088
1.01094
1.01099
1.01103
1.01108
1.01112
1.01116
1.01120
1.01124
1.01128
1.01131
1.01134
1.01137
1.01140
1.01143
1.01145
1.01147
1.01149
1.01151
1.01153
1.01154
1.01155
1.01156
1.01157
1.01158
1.01159
1.01159
1.01159
1.01159
1.01159
1.01159
1.01158
1.01157
1.01157
1.01156
1.01154
1.01153
1.01151
1.01150
1.01148
1.01146
1.01144
1.01141
1.01139
1.01136
1.01133
1.01130
1.01127
1.01124
1.01120
1.01117
1.01113
1.01109
1.01105
1.01101
1.01097
1.01093
1.01088
1.01083
1.01078
1.01074
1.01068
1.01063
1.01058
1.01052
1.01047
1.01041
1.01035
1.01029
1.01023
1.01017
1.01011
1.01005
1.00998
1.00991
1.00985
1.00978
1.00971
1.00964
1.00957
1.00950
1.00942
1.00935
1.00928
1.00920
1.00912
1.00905
1.00897
1.00889
1.00881
1.00873
1.00865
1.00856
1.00848
1.00840
1.00831
1.00823
1.00814
1.00806
1.00797
1.00788
1.00779
1.00771
1.00762
1.00753
1.00744
1.00735
1.00725
1.00716
1.00707
1.00698
1.00688
1.00679
1.00670
1.00660
1.00651
1.00641
1.00632
1.00622
1.00613
1.00603
1.00594
1.00584
1.00574
1.00565
1.00555
1.00545
1.00535
1.00526
1.00516
1.00506
1.00496
1.00487
1.00477
1.00467
1.00457
1.00447
1.00438
1.00428
1.00418
1.00408
1.00398
1.00389
1.00379
1.00369
1.00359
1.00350
1.00340
1.00330
1.00320
1.00311
1.00301
1.00292
1.00282
1.00272
1.00263
1.00253
1.00244
1.00234
1.00225
1.00216
1.00206
1.00197
1.00188
1.00178
1.00169
1.00160
1.00151
1.00142
1.00133
1.00124
1.00115
1.00106
1.00097
1.00088
1.00079
1.00071
1.00062
1.00053
1.00045
1.00036
1.00028
1.00019
1.00011
1.00003
0.99994
0.99986
0.99978
0.99970
0.99962
0.99954
0.99946
0.99938
0.99931
0.99923
0.99915
0.99908
0.99900
0.99893
0.99886
0.99878
0.99871
0.99864
0.99857
0.99850
0.99843
0.99836
0.99829
0.99823
0.99816
0.99810
0.99803
0.99797
0.99790
0.99784
0.99778
0.99772
0.99766
0.99760
0.99754
0.99748
0.99743
0.99737
0.99731
0.99726
0.99721
0.99715
0.99710
0.99705
0.99700
0.99695
0.99690
0.99685
0.99681
0.99676
0.99671
0.99667
0.99662
0.99658
0.99654
0.99650
0.99646
0.99642
0.99638
0.99634
0.99630
0.99627
0.99623
0.99620
0.99616
0.99613
0.99610
0.99607
0.99604
0.99601
0.99598
0.99595
0.99592
0.99589
0.99587
0.99584
0.99582
0.99580
0.99577
0.99575
0.99573
0.99571
0.99569
0.99567
0.99566
0.99564
0.99562
0.99561
0.99559
0.99558
0.99557
0.99555
0.99554
0.99553
0.99552
0.99551
0.99551
0.99550
0.99549
0.99548
0.99548
0.99547
0.99547
0.99547
0.99547
0.99546
0.99546
0.99546
0.99546
0.99546
0.99547
0.99547
0.99547
0.99547
0.99548
0.99548
0.99549
0.99550
0.99550
0.99551
0.99552
0.99553
0.99554
0.99555
0.99556
0.99557
0.99558
0.99560
0.99561
0.99562
0.99564
0.99565
0.99567
0.99568
0.99570
0.99572
0.99574
0.99575
0.99577
0.99579
0.99581
0.99583
0.99585
0.99587
0.99590
0.99592
0.99594
0.99596
0.99599
0.99601
0.99604
0.99606
0.99609
0.99611
0.99614
0.99617
0.99619
0.99622
0.99625
0.99628
0.99631
0.99633
0.99636
0.99639
0.99642
0.99645
0.99648
0.99652
0.99655
0.99658
0.99661
0.99664
0.99668
0.99671
0.99674
0.99678
0.99681
0.99684
0.99688
0.99691
0.99695
0.99698
0.99702
0.99705
0.99709
0.99712
0.99716
0.99719
0.99723
0.99727
0.99730
0.99734
0.99738
0.99742
0.99745
0.99749
0.99753
0.99756
0.99760
0.99764
0.99768
0.99772
0.99775
0.99779
0.99783
0.99787
0.99791
0.99795
0.99798
0.99802
0.99806
0.99810
0.99814
0.99818
0.99822
0.99825
0.99829
0.99833
0.99837
0.99841
0.99845
0.99849
0.99852
0.99856
0.99860
0.99864
0.99868
0.99872
0.99875
0.99879
0.99883
0.99887
0.99891
0.99894
0.99898
0.99902
0.99906
0.99909
0.99913
0.99917
0.99921
0.99924
0.99928
0.99932
0.99935
0.99939
0.99942
0.99946
0.99950
0.99953
0.99957
0.99960
0.99964
0.99967
0.99971
0.99974
0.99977
0.99981
0.99984
0.99988
0.99991
0.99994
0.99998
1.00001
1.00004
1.00007
1.00011
1.00014
1.00017
1.00020
1.00023
1.00026
1.00029
1.00032
1.00035
1.00038
1.00041
1.00044
1.00047
1.00050
1.00053
1.00056
1.00058
1.00061
1.00064
1.00067
1.00069
1.00072
1.00074
1.00077
1.00080
1.00082
1.00085
1.00087
1.00089
1.00092
1.00094
1.00097
1.00099
1.00101
1.00103
1.00106
1.00108
1.00110
1.00112
1.00114
1.00116
1.00118
1.00120
1.00122
1.00124
1.00126
1.00128
1.00130
1.00132
1.00133
1.00135
1.00137
1.00138
1.00140
1.00142
1.00143
1.00145
1.00146
1.00148
1.00149
1.00151
1.00152
1.00153
1.00155
1.00156
1.00157
1.00158
1.00159
1.00161
1.00162
1.00163
1.00164
1.00165
1.00166
1.00167
1.00168
1.00169
1.00169
1.00170
1.00171
1.00172
1.00172
1.00173
1.00174
1.00174
1.00175
1.00176
1.00176
1.00177
1.00177
1.00178
1.00178
1.00178
1.00179
1.00179
1.00179
1.00180
1.00180
1.00180
1.00180
1.00180
1.00180
1.00181
1.00181
1.00181
1.00181
1.00181
1.00181
1.00181
1.00180
1.00180
1.00180
1.00180
1.00180
1.00180
1.00179
1.00179
1.00179
1.00178
1.00178
1.00178
1.00177
1.00177
1.00176
1.00176
1.00175
1.00175
1.00174
1.00174
1.00173
1.00172
1.00172
1.00171
1.00170
1.00170
1.00169
1.00168
1.00167
1.00167
1.00166
1.00165
1.00164
1.00163
1.00162
1.00162
1.00161
1.00160
1.00159
1.00158
1.00157
1.00156
1.00155
1.00154
1.00153
1.00152
1.00150
1.00149
1.00148
1.00147
1.00146
1.00145
1.00144
1.00142
1.00141
1.00140
1.00139
1.00137
1.00136
1.00135
1.00134
1.00132
1.00131
1.00130
1.00128
1.00127
1.00126
1.00124
1.00123
1.00122
1.00120
1.00119
1.00117
1.00116
1.00115
1.00113
1.00112
1.00110
1.00109
1.00107
1.00106
1.00105
1.00103
1.00102
1.00100
1.00099
1.00097
1.00096
1.00094
1.00093
1.00091
1.00090
1.00088
1.00087
1.00085
1.00083
1.00082
1.00080
1.00079
1.00077
1.00076
1.00074
1.00073
1.00071
1.00070
1.00068
1.00067
1.00065
1.00064
1.00062
1.00061
1.00059
1.00057
1.00056
1.00054
1.00053
1.00051
1.00050
1.00048
1.00047
1.00045
1.00044
1.00042
1.00041
1.00039
1.00038
1.00036
1.00035
1.00033
1.00032
1.00031
1.00029
1.00028
1.00026
1.00025
1.00023
1.00022
1.00021
1.00019
1.00018
1.00016
1.00015
1.00014
1.00012
1.00011
1.00009
1.00008
1.00007
1.00005
1.00004
1.00003
1.00001
1.00000
0.99999
0.99998
0.99996
0.99995
0.99994
0.99993
0.99991
0.99990
0.99989
0.99988
0.99986
0.99985
0.99984
0.99983
0.99982
0.99981
0.99980
0.99978
0.99977
0.99976
0.99975
0.99974
0.99973
0.99972
0.99971
0.99970
0.99969
0.99968
0.99967
0.99966
0.99965
0.99964
0.99963
0.99962
0.99961
0.99960
0.99959
0.99959
0.99958
0.99957
0.99956
0.99955
0.99954
0.99954
0.99953
0.99952
0.99951
0.99950
0.99950
0.99949
0.99948
0.99948
0.99947
0.99946
0.99946
0.99945
0.99944
0.99944
0.99943
0.99942
0.99942
0.99941
0.99941
0.99940
0.99940
0.99939
0.99939
0.99938
0.99938
0.99937
0.99937
0.99936
0.99936
0.99935
0.99935
0.99935
0.99934
0.99934
0.99934
0.99933
0.99933
0.99933
0.99932
0.99932
0.99932
0.99931
0.99931
0.99931
0.99931
0.99931
0.99930
0.99930
0.99930
0.99930
0.99930
0.99930
0.99929
0.99929
0.99929
0.99929
0.99929
0.99929
0.99929
0.99929
0.99929
0.99929
0.99929
0.99929
0.99929
0.99929
0.99929
0.99929
0.99929
0.99929
0.99929
0.99929
0.99929
0.99929
0.99929
0.99929
0.99930
0.99930
0.99930
0.99930
0.99930
0.99930
0.99931
0.99931
0.99931
0.99931
0.99931
0.99932
0.99932
0.99932
0.99932
0.99933
0.99933
0.99933
0.99934
0.99934
0.99934
0.99935
0.99935
0.99935
0.99936
0.99936
0.99936
0.99937
0.99937
0.99937
0.99938
0.99938
0.99939
0.99939
0.99939
0.99940
0.99940
0.99941
0.99941
0.99941
0.99942
0.99942
0.99943
0.99943
0.99944
0.99944
0.99945
0.99945
0.99946
0.99946
0.99947
0.99947
0.99948
0.99948
0.99949
0.99949
0.99950
0.99950
0.99951
0.99951
0.99952
0.99953
0.99953
0.99954
0.99954
0.99955
0.99955
0.99956
0.99956
0.99957
0.99958
0.99958
0.99959
0.99959
0.99960
0.99961
0.99961
0.99962
0.99962
0.99963
0.99963
0.99964
0.99965
0.99965
0.99966
0.99966
0.99967
0.99968
0.99968
0.99969
0.99969
0.99970
0.99971
0.99971
0.99972
0.99972
0.99973
0.99974
0.99974
0.99975
0.99976
0.99976
0.99977
0.99977
0.99978
0.99979
0.99979
0.99980
0.99980
0.99981
0.99982
0.99982
0.99983
0.99983
0.99984
0.99984
0.99985
0.99986
0.99986
0.99987
0.99987
0.99988
0.99989
0.99989
0.99990
0.99990
0.99991
0.99991
0.99992
0.99993
0.99993
0.99994
0.99994
0.99995
0.99995
0.99996
0.99996
0.99997
0.99997
0.99998
0.99998
0.99999
0.99999
1.00000
1.00001
1.00001
1.00002
1.00002
1.00003
1.00003
1.00004
1.00004
1.00004
1.00005
1.00005
1.00006
1.00006
1.00007
1.00007
1.00008
1.00008
1.00009
1.00009
1.00009
1.00010
1.00010
1.00011
1.00011
1.00012
1.00012
1.00012
1.00013
1.00013
1.00014
1.00014
1.00014
1.00015
1.00015
1.00015
1.00016
1.00016
1.00016
1.00017
1.00017
1.00017
1.00018
1.00018
1.00018
1.00019
1.00019
1.00019
1.00020
1.00020
1.00020
1.00021
1.00021
1.00021
1.00021
1.00022
1.00022
1.00022
1.00022
1.00023
1.00023
1.00023
1.00023
1.00024
1.00024
1.00024
1.00024
1.00024
1.00025
1.00025
1.00025
1.00025
1.00025
1.00025
1.00026
1.00026
1.00026
1.00026
1.00026
1.00026
1.00026
1.00027
1.00027
1.00027
1.00027
1.00027
1.00027
1.00027
1.00027
1.00027
1.00028
1.00028
1.00028
1.00028
1.00028
1.00028
1.00028
1.00028
1.00028
1.00028
1.00028
1.00028
1.00028
1.00028
1.00028
1.00028
1.00028
1.00028
1.00028
1.00028
1.00028
1.00028
1.00028
1.00028
1.00028
1.00028
1.00028
1.00028
1.00028
1.00028
1.00028
1.00028
1.00028
1.00028
1.00028
1.00028
1.00028
1.00028
1.00027
1.00027
1.00027
1.00027
1.00027
1.00027
1.00027
1.00027
1.00027
1.00027
1.00026
1.00026
1.00026
1.00026
1.00026
1.00026
1.00026
1.00026
1.00025
1.00025
1.00025
1.00025
1.00025
1.00025
1.00025
1.00024
1.00024
1.00024
1.00024
1.00024
1.00024
1.00023
1.00023
1.00023
1.00023
1.00023
1.00022
1.00022
1.00022
1.00022
1.00022
1.00022
1.00021
1.00021
1.00021
1.00021
1.00021
1.00020
1.00020
1.00020
1.00020
1.00019
1.00019
1.00019
1.00019
1.00019
1.00018
1.00018
1.00018
1.00018
1.00018
1.00017
1.00017
1.00017
1.00017
1.00016
1.00016
1.00016
1.00016
1.00015
1.00015
1.00015
1.00015
1.00015
1.00014
1.00014
1.00014
1.00014
1.00013
1.00013
1.00013
1.00013
1.00012
1.00012
1.00012
1.00012
1.00011
1.00011
1.00011
1.00011
1.00010
1.00010
1.00010
1.00010
1.00009
1.00009
1.00009
1.00009
1.00009
1.00008
1.00008
1.00008
1.00008
1.00007
1.00007
1.00007
1.00007
1.00006
1.00006
1.00006
1.00006
1.00005
1.00005
1.00005
1.00005
1.00005
1.00004
1.00004
1.00004
1.00004
1.00003
1.00003
1.00003
1.00003
1.00003
1.00002
1.00002
1.00002
1.00002
1.00001
1.00001
1.00001
1.00001
1.00001
1.00000
1.00000
1.00000
1.00000
1.00000
0.99999
0.99999
0.99999
0.99999
0.99999
0.99998
0.99998
0.99998
0.99998
0.99998
0.99998
0.99997
0.99997
0.99997
0.99997
0.99997
0.99996
0.99996
0.99996
0.99996
0.99996
0.99996
0.99995
0.99995
0.99995
0.99995
0.99995
0.99995
0.99995
0.99994
0.99994
0.99994
0.99994
0.99994
0.99994
0.99994
0.99993
0.99993
0.99993
0.99993
0.99993
0.99993
0.99993
0.99992
0.99992
0.99992
0.99992
0.99992
0.99992
0.99992
0.99992
0.99992
0.99991
0.99991
0.99991
0.99991
0.99991
0.99991
0.99991
0.99991
0.99991
0.99991
0.99991
0.99990
0.99990
0.99990
0.99990
0.99990
0.99990
0.99990
0.99990
0.99990
0.99990
0.99990
0.99990
0.99990
0.99990
0.99990
0.99989
0.99989
0.99989
0.99989
0.99989
0.99989
0.99989
0.99989
0.99989
0.99989
0.99989
0.99989
0.99989
0.99989
0.99989
0.99989
0.99989
0.99989
0.99989
0.99989
0.99989
0.99989
0.99989
0.99989
0.99989
0.99989
0.99989
0.99989
0.99989
0.99989
0.99989
0.99989
0.99989
0.99989
0.99989
0.99989
0.99989
0.99989
0.99989
0.99989
0.99989
0.99989
0.99989
0.99989
0.99989
0.99989
0.99989
0.99989
0.99989
0.99989
0.99989
0.99989
0.99989
0.99989
0.99989
0.99989
0.99989
0.99990
0.99990
0.99990
0.99990
0.99990
0.99990
0.99990
0.99990
0.99990
0.99990
0.99990
0.99990
0.99990
0.99990
0.99990
0.99990
0.99990
0.99990
0.99991
0.99991
0.99991
0.99991
0.99991
0.99991
0.99991
0.99991
0.99991
0.99991
0.99991
0.99991
0.99991
0.99991
0.99992
0.99992
0.99992
0.99992
0.99992
0.99992
0.99992
0.99992
0.99992
0.99992
0.99992
0.99992
0.99993
0.99993
0.99993
0.99993
0.99993
0.99993
0.99993
0.99993
0.99993
0.99993
0.99993
0.99994
0.99994
0.99994
0.99994
0.99994
0.99994
0.99994
0.99994
0.99994
0.99994
0.99994
0.99995
0.99995
0.99995
0.99995
0.99995
0.99995
0.99995
0.99995
0.99995
0.99995
0.99995
0.99996
0.99996
0.99996
0.99996
0.99996
0.99996
0.99996
0.99996
0.99996
0.99996
0.99997
0.99997
0.99997
0.99997
0.99997
0.99997
0.99997
0.99997
0.99997
0.99997
0.99997
0.99998
0.99998
0.99998
0.99998
0.99998
0.99998
0.99998
0.99998
0.99998
0.99998
0.99998
0.99999
0.99999
0.99999
0.99999
0.99999
0.99999
0.99999
0.99999
0.99999
0.99999
0.99999
0.99999
1.00000
1.00000
1.00000
1.00000
1.00000
1.00000
1.00000
1.00000
1.00000
1.00000
1.00000
1.00000
1.00001
1.00001
1.00001
1.00001
1.00001
1.00001
1.00001
1.00001
1.00001
1.00001
1.00001
1.00001
1.00001
1.00001
1.00002
1.00002
1.00002
1.00002
1.00002
1.00002
1.00002
1.00002
1.00002
1.00002
1.00002
1.00002
1.00002
1.00002
1.00002
1.00002
1.00003
1.00003
1.00003
1.00003
1.00003
1.00003
1.00003
1.00003
1.00003
1.00003
1.00003
1.00003
1.00003
1.00003
1.00003
1.00003
1.00003
1.00003
1.00003
1.00003
1.00003
1.00003
1.00004
1.00004
1.00004
1.00004
1.00004
1.00004
1.00004
1.00004
1.00004
1.00004
1.00004
1.00004
1.00004
1.00004
1.00004
1.00004
1.00004
1.00004
1.00004
1.00004
1.00004
1.00004
1.00004
1.00004
1.00004
1.00004
1.00004
1.00004
1.00004
1.00004
1.00004
1.00004
1.00004
1.00004
1.00004
1.00004
1.00004
1.00004
1.00004
1.00004
1.00004
1.00004
1.00004
1.00004
1.00004
1.00004
1.00004
1.00004
1.00004
1.00004
1.00004
1.00004
1.00004
1.00004
1.00004
1.00004
1.00004
1.00004
1.00004
1.00004
1.00004
1.00004
1.00004
1.00004
1.00004
1.00004
1.00004
1.00004
1.00004
1.00004
1.00004
1.00004
1.00004
1.00004
1.00004
1.00004
1.00004
1.00004
1.00004
1.00004
1.00004
1.00004
1.00004
1.00004
1.00004
1.00004
1.00004
1.00004
1.00004
1.00004
1.00004
1.00004
1.00004
1.00004
1.00004
1.00004
1.00004
1.00004
1.00004
1.00004
1.00004
1.00004
1.00004
1.00004
1.00004
1.00004
1.00003
1.00003
1.00003
1.00003
1.00003
1.00003
1.00003
1.00003
1.00003
1.00003
1.00003
1.00003
1.00003
1.00003
1.00003
1.00003
1.00003
1.00003
1.00003
1.00003
1.00003
1.00003
1.00003
1.00003
1.00003
1.00003
1.00003
1.00003
1.00003
1.00003
1.00002
1.00002
1.00002
1.00002
1.00002
1.00002
1.00002
1.00002
1.00002
1.00002
1.00002
1.00002
1.00002
1.00002
1.00002
1.00002
1.00002
1.00002
1.00002
1.00002
1.00002
1.00002
1.00002
1.00002
1.00002
1.00002
1.00002
1.00001
1.00001
1.00001
1.00001
1.00001
1.00001
1.00001
1.00001
1.00001
1.00001
1.00001
1.00001
1.00001
1.00001
1.00001
1.00001
1.00001
1.00001
1.00001
1.00001
1.00001
1.00001
1.00001
1.00001
1.00001
1.00001
1.00001
1.00001
1.00000
1.00000
1.00000
1.00000
1.00000
1.00000
1.00000
1.00000
1.00000
1.00000
1.00000
1.00000
1.00000
1.00000
1.00000
1.00000
1.00000
1.00000
1.00000
1.00000
1.00000
1.00000
1.00000
1.00000
1.00000
1.00000
1.00000
1.00000
1.00000
1.00000
1.00000
1.00000
0.99999
0.99999
0.99999
0.99999
0.99999
0.99999
0.99999
0.99999
0.99999
0.99999
0.99999
0.99999
0.99999
0.99999
0.99999
0.99999
0.99999
0.99999
0.99999
0.99999
0.99999
0.99999
0.99999
0.99999
0.99999
0.99999
0.99999
0.99999
0.99999
0.99999
0.99999
0.99999
0.99999
0.99999
0.99999
0.99999
0.99999
0.99999
0.99999
0.99999
0.99999
0.99999
0.99999
0.99999
0.99999
0.99999
0.99999
0.99999
0.99999
0.99998
0.99998
0.99998
0.99998
0.99998
0.99998
0.99998
0.99998
0.99998
0.99998
0.99998
0.99998
0.99998
0.99998
0.99998
0.99998
0.99998
0.99998
0.99998
0.99998
0.99998
0.99998
0.99998
0.99998
0.99998
0.99998
0.99998
0.99998
0.99998
0.99998
0.99998
0.99998
0.99998
0.99998
0.99998
0.99998
0.99998
0.99998
0.99998
0.99998
0.99998
0.99998
0.99998
0.99998
0.99998
0.99998
0.99998
0.99998
0.99998
0.99998
0.99998
0.99998
0.99998
0.99998
0.99998
0.99998
0.99998
0.99998
0.99998
0.99998
0.99998
0.99998
0.99998
0.99998
0.99998
0.99998
0.99998
0.99998
0.99998
0.99998
0.99998
0.99998
0.99998
0.99998
0.99998
0.99998
0.99998
0.99998
0.99998
0.99998
0.99998
0.99998
0.99998
0.99998
0.99998
0.99998
0.99998
0.99998
0.99999
0.99999
0.99999
0.99999
0.99999
0.99999
0.99999
0.99999
0.99999
0.99999
0.99999
0.99999
0.99999
0.99999
0.99999
0.99999
0.99999
0.99999
0.99999
0.99999
0.99999
0.99999
0.99999
0.99999
0.99999
0.99999
0.99999
0.99999
0.99999
0.99999
0.99999
0.99999
0.99999
0.99999
0.99999
0.99999
0.99999
0.99999
0.99999
0.99999
0.99999
0.99999
0.99999
0.99999
0.99999
0.99999
0.99999
0.99999
0.99999
0.99999
0.99999
0.99999
0.99999
0.99999
0.99999
0.99999
0.99999
0.99999
0.99999
0.99999
0.99999
0.99999
0.99999
0.99999
0.99999
0.99999
0.99999
0.99999
0.99999
0.99999
0.99999
0.99999
0.99999
0.99999
1.00000
1.00000
1.00000
1.00000
1.00000
1.00000
1.00000
1.00000
1.00000
1.00000
1.00000
1.00000
1.00000
1.00000
1.00000
1.00000
1.00000
1.00000
1.00000
1.00000
1.00000
1.00000
1.00000
1.00000
1.00000
1.00000
1.00000
1.00000
1.00000
1.00000
1.00000
1.00000
1.00000
1.00000
1.00000
1.00000
1.00000
1.00000
1.00000
1.00000
1.00000
1.00000
1.00000
1.00000
1.00000
1.00000
1.00000
1.00000
1.00000
1.00000
1.00000
1.00000
1.00000
1.00000
1.00000
1.00000
1.00000
1.00000
1.00000
1.00000
1.00000
1.00000
1.00000
1.00000
1.00000
1.00000
1.00000
1.00000
1.00000
1.00000
1.00000
1.00000
1.00000
1.00000
1.00000
1.00000
1.00000
1.00000
1.00000
1.00000
1.00000
1.00000
1.00000
1.00000
1.00000
1.00000
1.00001
1.00001
1.00001
1.00001
1.00001
1.00001
1.00001
1.00001
1.00001
1.00001
1.00001
1.00001
1.00001
1.00001
1.00001
1.00001
1.00001
1.00001
1.00001
1.00001
1.00001
1.00001
1.00001
1.00001
1.00001
1.00001
1.00001
1.00001
1.00001
1.00001
1.00001
1.00001
1.00001
1.00001
1.00001
1.00001
1.00001
1.00001
1.00001
1.00001
1.00001
1.00001
1.00001
1.00001
1.00001
1.00001
1.00001
1.00001
1.00001
1.00001
1.00001
1.00001
1.00001
1.00001
1.00001
1.00001
1.00001
1.00001
1.00001
1.00001
1.00001
1.00001
1.00001
1.00001
1.00001
1.00001
1.00001
1.00001
1.00001
1.00001
1.00001
1.00001
1.00001
1.00001
1.00001
1.00001
1.00001
1.00001
1.00001
1.00001
1.00001
1.00001
1.00001
1.00001
1.00001
1.00001
1.00001
1.00001
1.00001
1.00001
1.00001
1.00001
1.00001
1.00001
1.00001
1.00001
1.00001
1.00001
1.00001
1.00001
1.00001
1.00001
1.00001
1.00001
1.00001
1.00001
1.00001
1.00001
1.00001
1.00001
1.00001
1.00001
1.00001
1.00001
1.00001
1.00001
1.00001
1.00001
1.00001
1.00001
1.00001
1.00001
1.00001
1.00001
1.00000
1.00000
1.00000
1.00000
1.00000
1.00000
1.00000
1.00000
1.00000
1.00000
1.00000
1.00000
1.00000
1.00000
1.00000
1.00000
1.00000
1.00000
1.00000
1.00000
1.00000
1.00000
1.00000
1.00000
1.00000
1.00000
1.00000
1.00000
1.00000
1.00000
1.00000
1.00000
1.00000
1.00000
1.00000
1.00000
1.00000
1.00000
1.00000
1.00000
1.00000
1.00000
1.00000
1.00000
1.00000
1.00000
1.00000
1.00000
1.00000
1.00000
1.00000
1.00000
1.00000
1.00000
1.00000
1.00000
1.00000
1.00000
1.00000
1.00000
1.00000
1.00000
1.00000
1.00000
1.00000
1.00000
1.00000
1.00000
1.00000
1.00000
1.00000
1.00000
1.00000
1.00000
1.00000
1.00000
1.00000
1.00000
1.00000
1.00000
1.00000
1.00000
1.00000
1.00000
1.00000
1.00000
1.00000
1.00000
1.00000
1.00000
1.00000
1.00000
1.00000
1.00000
1.00000
1.00000
1.00000
1.00000
1.00000
1.00000
1.00000
1.00000
1.00000
1.00000
1.00000
1.00000
1.00000
1.00000
1.00000
1.00000
1.00000
1.00000
1.00000
1.00000
1.00000
1.00000
1.00000
1.00000
1.00000
1.00000
1.00000
1.00000
1.00000
1.00000
1.00000
1.00000
1.00000
1.00000
1.00000
1.00000
1.00000
1.00000
1.00000
1.00000
1.00000
1.00000
1.00000
1.00000
1.00000
1.00000
1.00000
1.00000
1.00000
1.00000
1.00000
1.00000
1.00000
1.00000
1.00000
1.00000
1.00000
1.00000
1.00000
1.00000
1.00000
1.00000
1.00000
1.00000
1.00000
1.00000
1.00000
1.00000
1.00000
1.00000
1.00000
1.00000
1.00000
1.00000
1.00000
1.00000
1.00000
1.00000
1.00000
1.00000
1.00000
1.00000
1.00000
1.00000
1.00000
1.00000
1.00000
1.00000
1.00000
1.00000
1.00000
1.00000
1.00000
1.00000
1.00000
1.00000
1.00000
1.00000
1.00000
1.00000
1.00000
1.00000
1.00000
1.00000
1.00000
1.00000
1.00000
1.00000
1.00000
1.00000
1.00000
1.00000
1.00000
1.00000
1.00000
1.00000
1.00000
1.00000
1.00000
1.00000
1.00000
1.00000
1.00000
1.00000
1.00000
1.00000
1.00000
1.00000
1.00000
1.00000
1.00000
1.00000
1.00000
1.00000
1.00000
1.00000
1.00000
1.00000
1.00000
1.00000
1.00000
1.00000
1.00000
1.00000
1.00000
1.00000
1.00000
1.00000
1.00000
1.00000
1.00000
1.00000
1.00000
1.00000
1.00000
1.00000
1.00000
1.00000
1.00000
1.00000
1.00000
1.00000
1.00000
1.00000
1.00000
1.00000
1.00000
1.00000
1.00000
1.00000
1.00000
1.00000
1.00000
1.00000
1.00000
1.00000
1.00000
1.00000
1.00000
1.00000
1.00000
1.00000
1.00000
1.00000
1.00000
1.00000
1.00000
1.00000
1.00000
1.00000
1.00000
1.00000
1.00000
1.00000
1.00000
1.00000
1.00000
1.00000
1.00000
1.00000
1.00000
1.00000
1.00000
1.00000
1.00000
1.00000
1.00000
1.00000
1.00000
1.00000
1.00000
1.00000
1.00000
1.00000
1.00000
1.00000
1.00000
1.00000
1.00000
1.00000
1.00000
1.00000
1.00000
1.00000
1.00000
1.00000
1.00000
1.00000
1.00000
1.00000
1.00000
1.00000
1.00000
1.00000
1.00000
1.00000
1.00000
1.00000
1.00000
1.00000
1.00000
1.00000
1.00000
1.00000
1.00000
1.00000
1.00000
1.00000
1.00000
1.00000
1.00000
1.00000
1.00000
1.00000
1.00000
1.00000
1.00000
1.00000
1.00000
1.00000
1.00000
1.00000
1.00000
1.00000
1.00000
1.00000
1.00000
1.00000
1.00000
1.00000
1.00000
1.00000
1.00000
1.00000
1.00000
1.00000
1.00000
1.00000
1.00000
1.00000
1.00000
1.00000
1.00000
1.00000
1.00000
1.00000
1.00000
1.00000
1.00000
1.00000
1.00000
1.00000
1.00000
1.00000
1.00000
1.00000
1.00000
1.00000
1.00000
1.00000
1.00000
1.00000
1.00000
1.00000
1.00000
1.00000
1.00000
1.00000
1.00000
1.00000
1.00000
1.00000
1.00000
1.00000
1.00000
1.00000
1.00000
1.00000
1.00000
1.00000
1.00000
1.00000
1.00000
1.00000
1.00000
1.00000
1.00000
1.00000
1.00000
1.00000
1.00000
1.00000
1.00000
1.00000
1.00000
1.00000
1.00000
1.00000
1.00000
1.00000
1.00000
1.00000
1.00000
1.00000
1.00000
1.00000
1.00000
1.00000
1.00000
1.00000
1.00000
1.00000
1.00000
1.00000
1.00000
1.00000
1.00000
1.00000
1.00000
1.00000
1.00000
1.00000
1.00000
1.00000
1.00000
1.00000
1.00000
1.00000
1.00000
1.00000
1.00000
1.00000
1.00000
1.00000
1.00000
1.00000
1.00000
1.00000
1.00000
1.00000
1.00000
1.00000
1.00000
1.00000
1.00000
1.00000
1.00000
1.00000
1.00000
1.00000
1.00000
1.00000
1.00000
1.00000
1.00000
1.00000
1.00000
1.00000
1.00000
1.00000
1.00000
1.00000
1.00000
1.00000
1.00000
1.00000
1.00000
1.00000
1.00000
1.00000
1.00000
1.00000
1.00000
1.00000
1.00000
1.00000
1.00000
1.00000
1.00000
1.00000
1.00000
1.00000
1.00000
1.00000
1.00000
1.00000
1.00000
1.00000
1.00000
1.00000
1.00000
1.00000
1.00000
1.00000
1.00000
1.00000
1.00000
1.00000
1.00000
1.00000
1.00000
1.00000
1.00000
1.00000
1.00000
1.00000
1.00000
1.00000
1.00000
1.00000
1.00000
1.00000
1.00000
1.00000
1.00000
1.00000
1.00000
1.00000
1.00000
1.00000
1.00000
1.00000
1.00000
1.00000
1.00000
1.00000
1.00000
1.00000
1.00000
1.00000
1.00000
1.00000
1.00000
1.00000
1.00000
1.00000
1.00000
1.00000
1.00000
1.00000
1.00000
1.00000
1.00000
1.00000
1.00000
1.00000
1.00000
1.00000
1.00000
1.00000
1.00000
1.00000
1.00000
1.00000
1.00000
1.00000
1.00000
1.00000
1.00000
1.00000
1.00000
1.00000
1.00000
1.00000
1.00000
1.00000
1.00000
1.00000
1.00000
1.00000
1.00000
1.00000
1.00000
1.00000
1.00000
1.00000
1.00000
1.00000
1.00000
1.00000
1.00000
1.00000
1.00000
1.00000
1.00000
1.00000
1.00000
1.00000
1.00000
1.00000
1.00000
1.00000
1.00000
1.00000
1.00000
1.00000
1.00000
1.00000
1.00000
1.00000
1.00000
1.00000
1.00000
1.00000
1.00000
1.00000
1.00000
1.00000
1.00000
1.00000
1.00000
1.00000
1.00000
1.00000
1.00000
1.00000
1.00000
1.00000
1.00000
1.00000
1.00000
1.00000
1.00000
1.00000
1.00000
1.00000
1.00000
1.00000
1.00000
1.00000
1.00000
1.00000
1.00000
1.00000
1.00000
1.00000
1.00000
1.00000
1.00000
1.00000
1.00000
1.00000
1.00000
1.00000
1.00000
1.00000
1.00000
1.00000
1.00000
1.00000
1.00000
1.00000
1.00000
1.00000
1.00000
1.00000
1.00000
1.00000
1.00000
1.00000
1.00000
1.00000
1.00000
1.00000
1.00000
1.00000
1.00000
1.00000
1.00000
1.00000
1.00000
1.00000
1.00000
1.00000
1.00000
1.00000
1.00000
1.00000
1.00000
1.00000
1.00000
1.00000
1.00000
1.00000
1.00000
1.00000
1.00000
1.00000
1.00000
1.00000
1.00000
1.00000
1.00000
1.00000
1.00000
1.00000
1.00000
1.00000
1.00000
1.00000
1.00000
1.00000
1.00000
1.00000
1.00000
1.00000
1.00000
1.00000
1.00000
1.00000
1.00000
1.00000
1.00000
1.00000
1.00000
1.00000
1.00000
1.00000
1.00000
1.00000
1.00000
1.00000
1.00000
1.00000
1.00000
1.00000
1.00000
1.00000
1.00000
1.00000
1.00000
1.00000
1.00000
1.00000
1.00000
1.00000
1.00000
1.00000
1.00000
1.00000
1.00000
1.00000
1.00000
1.00000
1.00000
1.00000
1.00000
1.00000
1.00000
1.00000
1.00000
1.00000
1.00000
1.00000
1.00000
1.00000
1.00000
1.00000
1.00000
1.00000
1.00000
1.00000
1.00000
1.00000
1.00000
1.00000
1.00000
1.00000
1.00000
1.00000
1.00000
1.00000
1.00000
1.00000
1.00000
1.00000
1.00000
1.00000
1.00000
1.00000
1.00000
1.00000
1.00000
1.00000
1.00000
1.00000
1.00000
1.00000
1.00000
1.00000
1.00000
1.00000
1.00000
1.00000
1.00000
1.00000
1.00000
1.00000
1.00000
1.00000
1.00000
1.00000
1.00000
1.00000
1.00000
1.00000
1.00000
1.00000
1.00000
1.00000
1.00000
1.00000
1.00000
1.00000
1.00000
1.00000
1.00000
1.00000
1.00000
1.00000
1.00000
1.00000
1.00000
1.00000
1.00000
1.00000
1.00000
1.00000
1.00000
1.00000
1.00000
1.00000
1.00000
1.00000
1.00000
1.00000
1.00000
1.00000
1.00000
1.00000
1.00000
1.00000
1.00000
1.00000
1.00000
1.00000
1.00000
1.00000
1.00000
1.00000
1.00000
1.00000
1.00000
1.00000
1.00000
1.00000
1.00000
1.00000
1.00000
1.00000
1.00000
1.00000
1.00000
1.00000
1.00000
1.00000
1.00000
1.00000
1.00000
1.00000
1.00000
1.00000
1.00000
1.00000
1.00000
1.00000
1.00000
1.00000
1.00000
1.00000
1.00000
1.00000
1.00000
1.00000
1.00000
1.00000
1.00000
1.00000
1.00000
1.00000
1.00000
1.00000
1.00000
1.00000
1.00000
1.00000
1.00000
1.00000
1.00000
1.00000
1.00000
1.00000
1.00000
1.00000
1.00000
1.00000
1.00000
1.00000
1.00000
1.00000
1.00000
1.00000
1.00000
1.00000
1.00000
1.00000
1.00000
1.00000
1.00000
1.00000
1.00000
1.00000
1.00000
1.00000
1.00000
1.00000
1.00000
1.00000
1.00000
1.00000
1.00000
1.00000
1.00000
1.00000
1.00000
1.00000
1.00000
1.00000
1.00000
1.00000
1.00000
1.00000
1.00000
1.00000
1.00000
1.00000
1.00000
1.00000
1.00000
1.00000
1.00000
1.00000
1.00000
1.00000
1.00000
1.00000
1.00000
1.00000
1.00000
1.00000
1.00000
1.00000
1.00000
1.00000
1.00000
1.00000
1.00000
1.00000
1.00000
1.00000
1.00000
1.00000
1.00000
1.00000
1.00000
1.00000
1.00000
1.00000
1.00000
1.00000
1.00000
1.00000
1.00000
1.00000
1.00000
1.00000
1.00000
1.00000
1.00000
1.00000
1.00000
1.00000
1.00000
1.00000
1.00000
1.00000
1.00000
1.00000
1.00000
1.00000
1.00000
1.00000
1.00000
1.00000
1.00000
1.00000
1.00000
1.00000
1.00000
1.00000
1.00000
1.00000
1.00000
1.00000
1.00000
1.00000
1.00000
1.00000
1.00000
1.00000
1.00000
1.00000
1.00000
1.00000
1.00000
1.00000
1.00000
1.00000
1.00000
1.00000
1.00000
1.00000
1.00000
1.00000
1.00000
1.00000
1.00000
1.00000
1.00000
1.00000
1.00000
1.00000
1.00000
1.00000
1.00000
1.00000
1.00000
1.00000
1.00000
1.00000
1.00000
1.00000
1.00000
1.00000
1.00000
1.00000
1.00000
1.00000
1.00000
1.00000
1.00000
1.00000
1.00000
1.00000
1.00000
1.00000
1.00000
1.00000
1.00000
1.00000
1.00000
1.00000
1.00000
1.00000
1.00000
1.00000
1.00000
1.00000
1.00000
1.00000
1.00000
1.00000
1.00000
1.00000
1.00000
1.00000
1.00000
1.00000
1.00000
1.00000
1.00000
1.00000
1.00000
1.00000
1.00000
1.00000
1.00000
1.00000
1.00000
1.00000
1.00000
1.00000
1.00000
1.00000
1.00000
1.00000
1.00000
1.00000
1.00000
1.00000
1.00000
1.00000
1.00000
1.00000
1.00000
1.00000
1.00000
1.00000
1.00000
1.00000
1.00000
1.00000
1.00000
1.00000
1.00000
1.00000
1.00000
1.00000
1.00000
1.00000
1.00000
1.00000
1.00000
1.00000
1.00000
1.00000
1.00000
1.00000
1.00000
1.00000
1.00000
1.00000
1.00000
1.00000
1.00000
1.00000
1.00000
1.00000
1.00000
1.00000
1.00000
1.00000
1.00000
1.00000
1.00000
1.00000
1.00000
1.00000
1.00000
1.00000
1.00000
1.00000
1.00000
1.00000
1.00000
1.00000
1.00000
1.00000
1.00000
1.00000
1.00000
1.00000
1.00000
1.00000
1.00000
1.00000
1.00000
1.00000
1.00000
1.00000
1.00000
1.00000
1.00000
1.00000
1.00000
1.00000
1.00000
1.00000
1.00000
1.00000
1.00000
1.00000
1.00000
1.00000
1.00000
1.00000
1.00000
1.00000
1.00000
1.00000
1.00000
1.00000
1.00000
1.00000
1.00000
1.00000
1.00000
1.00000
1.00000
1.00000
1.00000
1.00000
1.00000
1.00000
1.00000
1.00000
1.00000
1.00000
1.00000
1.00000
1.00000
1.00000
1.00000
1.00000
1.00000
1.00000
1.00000
1.00000
1.00000
1.00000
1.00000
1.00000
1.00000
1.00000
1.00000
1.00000
1.00000
1.00000
1.00000
1.00000
1.00000
1.00000
1.00000
1.00000
1.00000
1.00000
1.00000
1.00000
1.00000
1.00000
1.00000
1.00000
1.00000
1.00000
1.00000
1.00000
1.00000
1.00000
1.00000
1.00000
1.00000
1.00000
1.00000
1.00000
1.00000
1.00000
1.00000
1.00000
1.00000
1.00000
1.00000
1.00000
1.00000
1.00000
1.00000
1.00000
1.00000
1.00000
1.00000
1.00000
1.00000
1.00000
1.00000
1.00000
1.00000
1.00000
1.00000
1.00000
1.00000
1.00000
1.00000
1.00000
1.00000
1.00000
1.00000
1.00000
1.00000
1.00000
1.00000
1.00000
1.00000
1.00000
1.00000
1.00000
1.00000
1.00000
1.00000
1.00000
1.00000
1.00000
1.00000
1.00000
1.00000
1.00000
1.00000
1.00000
1.00000
1.00000
1.00000
1.00000
1.00000
1.00000
1.00000
1.00000
1.00000
1.00000
1.00000
1.00000
1.00000
1.00000
1.00000
1.00000
1.00000
1.00000
1.00000
1.00000
1.00000
1.00000
1.00000
1.00000
1.00000
1.00000
1.00000
1.00000
1.00000
1.00000
1.00000
1.00000
1.00000
1.00000
1.00000
1.00000
1.00000
1.00000
1.00000
1.00000
1.00000
1.00000
1.00000
1.00000
1.00000
1.00000
1.00000
1.00000
1.00000
1.00000
1.00000
1.00000
1.00000
1.00000
1.00000
1.00000
1.00000
1.00000
1.00000
1.00000
1.00000
1.00000
1.00000
1.00000
1.00000
1.00000
1.00000
1.00000
1.00000
1.00000
1.00000
1.00000
1.00000
1.00000
1.00000
1.00000
1.00000
1.00000
1.00000
1.00000
1.00000
1.00000
1.00000
1.00000
1.00000
1.00000
1.00000
1.00000
1.00000
1.00000
1.00000
1.00000
1.00000
1.00000
1.00000
1.00000
1.00000
1.00000
1.00000
1.00000
1.00000
1.00000
1.00000
1.00000
1.00000
1.00000
1.00000
1.00000
1.00000
1.00000
1.00000
1.00000
1.00000
1.00000
1.00000
1.00000
1.00000
1.00000
1.00000
1.00000
1.00000
1.00000
1.00000
1.00000
1.00000
1.00000
1.00000
1.00000
1.00000
1.00000
1.00000
1.00000
1.00000
1.00000
1.00000
1.00000
1.00000
1.00000
1.00000
1.00000
1.00000
1.00000
1.00000
1.00000
1.00000
1.00000
1.00000
1.00000
1.00000
1.00000
1.00000
1.00000
1.00000
1.00000
1.00000
1.00000
