0.00000
0.00000
0.00018
0.00054
0.00105
0.00170
0.00247
0.00333
0.00429
0.00531
0.00641
0.00756
0.00875
0.00999
0.01127
0.01258
0.01392
0.01528
0.01667
0.01807
0.01949
0.02093
0.02238
0.02385
0.02532
0.02681
0.02831
0.02981
0.03132
0.03284
0.03437
0.03591
0.03745
0.03900
0.04055
0.04211
0.04367
0.04524
0.04682
0.04840
0.04999
0.05158
0.05317
0.05477
0.05638
0.05798
0.05960
0.06122
0.06284
0.06447
0.06610
0.06773
0.06937
0.07102
0.07267
0.07432
0.07598
0.07764
0.07930
0.08097
0.08265
0.08432
0.08601
0.08769
0.08938
0.09108
0.09277
0.09447
0.09618
0.09789
0.09960
0.10132
0.10304
0.10477
0.10650
0.10823
0.10996
0.11170
0.11345
0.11520
0.11695
0.11870
0.12046
0.12222
0.12399
0.12576
0.12753
0.12931
0.13109
0.13287
0.13466
0.13645
0.13825
0.14004
0.14184
0.14365
0.14546
0.14727
0.14908
0.15090
0.15272
0.15455
0.15638
0.15821
0.16004
0.16188
0.16372
0.16557
0.16742
0.16927
0.17112
0.17298
0.17484
0.17670
0.17857
0.18044
0.18231
0.18419
0.18607
0.18795
0.18983
0.19172
0.19361
0.19551
0.19740
0.19930
0.20120
0.20311
0.20502
0.20693
0.20884
0.21076
0.21268
0.21460
0.21652
0.21845
0.22038
0.22231
0.22425
0.22619
0.22813
0.23007
0.23202
0.23397
0.23592
0.23787
0.23983
0.24179
0.24375
0.24571
0.24768
0.24965
0.25162
0.25359
0.25557
0.25754
0.25952
0.26151
0.26349
0.26548
0.26747
0.26946
0.27145
0.27345
0.27545
0.27745
0.27945
0.28146
0.28346
0.28547
0.28749
0.28950
0.29151
0.29353
0.29555
0.29757
0.29960
0.30162
0.30365
0.30568
0.30771
0.30974
0.31178
0.31382
0.31585
0.31789
0.31994
0.32198
0.32403
0.32608
0.32812
0.33018
0.33223
0.33428
0.33634
0.33840
0.34046
0.34252
0.34458
0.34665
0.34871
0.35078
0.35285
0.35492
0.35699
0.35907
0.36114
0.36322
0.36530
0.36738
0.36946
0.37154
0.37362
0.37571
0.37779
0.37988
0.38197
0.38406
0.38615
0.38825
0.39034
0.39243
0.39453
0.39663
0.39873
0.40083
0.40293
0.40503
0.40713
0.40924
0.41134
0.41345
0.41556
0.41767
0.41978
0.42189
0.42400
0.42611
0.42822
0.43034
0.43245
0.43457
0.43669
0.43880
0.44092
0.44304
0.44516
0.44728
0.44941
0.45153
0.45365
0.45577
0.45790
0.46003
0.46215
0.46428
0.46641
0.46853
0.47066
0.47279
0.47492
0.47705
0.47918
0.48131
0.48345
0.48558
0.48771
0.48984
0.49198
0.49411
0.49625
0.49838
0.50052
0.50265
0.50479
0.50693
0.50906
0.51120
0.51334
0.51547
0.51761
0.51975
0.52189
0.52403
0.52617
0.52831
0.53044
0.53258
0.53472
0.53686
0.53900
0.54114
0.54328
0.54542
0.54756
0.54970
0.55184
0.55398
0.55612
0.55826
0.56040
0.56254
0.56468
0.56682
0.56896
0.57110
0.57324
0.57538
0.57751
0.57965
0.58179
0.58393
0.58607
0.58821
0.59034
0.59248
0.59462
0.59675
0.59889
0.60103
0.60316
0.60530
0.60743
0.60957
0.61170
0.61383
0.61597
0.61810
0.62023
0.62236
0.62449
0.62662
0.62875
0.63088
0.63301
0.63514
0.63727
0.63940
0.64152
0.64365
0.64578
0.64790
0.65002
0.65215
0.65427
0.65639
0.65851
0.66063
0.66275
0.66487
0.66699
0.66911
0.67122
0.67334
0.67546
0.67757
0.67968
0.68179
0.68391
0.68602
0.68813
0.69023
0.69234
0.69445
0.69656
0.69866
0.70076
0.70287
0.70497
0.70707
0.70917
0.71127
0.71336
0.71546
0.71756
0.71965
0.72174
0.72383
0.72593
0.72801
0.73010
0.73219
0.73428
0.73636
0.73844
0.74053
0.74261
0.74469
0.74676
0.74884
0.75092
0.75299
0.75506
0.75714
0.75921
0.76127
0.76334
0.76541
0.76747
0.76954
0.77160
0.77366
0.77572
0.77777
0.77983
0.78188
0.78394
0.78599
0.78804
0.79008
0.79213
0.79418
0.79622
0.79826
0.80030
0.80234
0.80438
0.80641
0.80845
0.81048
0.81251
0.81454
0.81656
0.81859
0.82061
0.82263
0.82465
0.82667
0.82868
0.83070
0.83271
0.83472
0.83673
0.83874
0.84074
0.84275
0.84475
0.84675
0.84874
0.85074
0.85273
0.85473
0.85672
0.85870
0.86069
0.86267
0.86465
0.86663
0.86861
0.87059
0.87256
0.87453
0.87650
0.87847
0.88044
0.88240
0.88436
0.88632
0.88828
0.89023
0.89218
0.89413
0.89608
0.89803
0.89997
0.90191
0.90385
0.90579
0.90773
0.90966
0.91159
0.91352
0.91544
0.91737
0.91929
0.92121
0.92313
0.92504
0.92695
0.92886
0.93077
0.93267
0.93458
0.93648
0.93838
0.94027
0.94216
0.94406
0.94594
0.94783
0.94971
0.95159
0.95347
0.95535
0.95722
0.95909
0.96096
0.96283
0.96469
0.96655
0.96841
0.97026
0.97212
0.97397
0.97581
0.97766
0.97950
0.98134
0.98318
0.98501
0.98685
0.98868
0.99050
0.99233
0.99415
0.99597
0.99778
0.99960
1.00141
1.00321
1.00502
1.00682
1.00862
1.01042
1.01221
1.01400
1.01579
1.01758
1.01936
1.02114
1.02292
1.02469
1.02646
1.02823
1.03000
1.03176
1.03352
1.03528
1.03703
1.03878
1.04053
1.04228
1.04402
1.04576
1.04750
1.04923
1.05096
1.05269
1.05441
1.05614
1.05786
1.05957
1.06128
1.06299
1.06470
1.06640
1.06811
1.06980
1.07150
1.07319
1.07488
1.07656
1.07825
1.07993
1.08160
1.08328
1.08495
1.08661
1.08828
1.08994
1.09159
1.09325
1.09490
1.09655
1.09819
1.09983
1.10147
1.10311
1.10474
1.10637
1.10800
1.10962
1.11124
1.11285
1.11447
1.11608
1.11768
1.11929
1.12089
1.12248
1.12408
1.12567
1.12725
1.12884
1.13042
1.13199
1.13357
1.13514
1.13670
1.13827
1.13983
1.14138
1.14294
1.14449
1.14603
1.14758
1.14912
1.15065
1.15219
1.15372
1.15524
1.15677
1.15829
1.15980
1.16132
1.16282
1.16433
1.16583
1.16733
1.16883
1.17032
1.17181
1.17329
1.17478
1.17625
1.17773
1.17920
1.18067
1.18213
1.18359
1.18505
1.18650
1.18795
1.18940
1.19084
1.19228
1.19372
1.19515
1.19658
1.19801
1.19943
1.20085
1.20226
1.20367
1.20508
1.20649
1.20789
1.20928
1.21068
1.21207
1.21345
1.21483
1.21621
1.21759
1.21896
1.22033
1.22169
1.22305
1.22441
1.22576
1.22711
1.22846
1.22980
1.23114
1.23248
1.23381
1.23513
1.23646
1.23778
1.23910
1.24041
1.24172
1.24302
1.24433
1.24562
1.24692
1.24821
1.24950
1.25078
1.25206
1.25334
1.25461
1.25588
1.25714
1.25840
1.25966
1.26091
1.26216
1.26341
1.26465
1.26589
1.26712
1.26835
1.26958
1.27080
1.27202
1.27324
1.27445
1.27566
1.27686
1.27807
1.27926
1.28046
1.28164
1.28283
1.28401
1.28519
1.28636
1.28753
1.28870
1.28986
1.29102
1.29218
1.29333
1.29448
1.29562
1.29676
1.29789
1.29903
1.30015
1.30128
1.30240
1.30352
1.30463
1.30574
1.30684
1.30794
1.30904
1.31013
1.31122
1.31231
1.31339
1.31447
1.31554
1.31661
1.31768
1.31874
1.31980
1.32086
1.32191
1.32295
1.32400
1.32504
1.32607
1.32710
1.32813
1.32915
1.33017
1.33119
1.33220
1.33321
1.33421
1.33521
1.33621
1.33720
1.33819
1.33917
1.34016
1.34113
1.34210
1.34307
1.34404
1.34500
1.34596
1.34691
1.34786
1.34881
1.34975
1.35068
1.35162
1.35255
1.35347
1.35440
1.35531
1.35623
1.35714
1.35804
1.35895
1.35985
1.36074
1.36163
1.36252
1.36340
1.36428
1.36515
1.36602
1.36689
1.36775
1.36861
1.36947
1.37032
1.37117
1.37201
1.37285
1.37369
1.37452
1.37534
1.37617
1.37699
1.37780
1.37862
1.37942
1.38023
1.38103
1.38182
1.38262
1.38341
1.38419
1.38497
1.38575
1.38652
1.38729
1.38805
1.38881
1.38957
1.39032
1.39107
1.39182
1.39256
1.39330
1.39403
1.39476
1.39548
1.39621
1.39692
1.39764
1.39835
1.39905
1.39976
1.40045
1.40115
1.40184
1.40252
1.40321
1.40389
1.40456
1.40523
1.40590
1.40656
1.40722
1.40787
1.40853
1.40917
1.40982
1.41046
1.41109
1.41172
1.41235
1.41298
1.41360
1.41421
1.41482
1.41543
1.41604
1.41664
1.41723
1.41783
1.41842
1.41900
1.41958
1.42016
1.42073
1.42130
1.42187
1.42243
1.42299
1.42354
1.42409
1.42464
1.42518
1.42572
1.42625
1.42678
1.42731
1.42783
1.42835
1.42887
1.42938
1.42989
1.43039
1.43089
1.43139
1.43188
1.43237
1.43285
1.43334
1.43381
1.43429
1.43476
1.43522
1.43568
1.43614
1.43660
1.43705
1.43749
1.43793
1.43837
1.43881
1.43924
1.43967
1.44009
1.44051
1.44093
1.44134
1.44175
1.44215
1.44256
1.44295
1.44335
1.44374
1.44412
1.44450
1.44488
1.44526
1.44563
1.44600
1.44636
1.44672
1.44708
1.44743
1.44778
1.44812
1.44846
1.44880
1.44913
1.44946
1.44979
1.45011
1.45043
1.45075
1.45106
1.45137
1.45167
1.45197
1.45227
1.45256
1.45285
1.45314
1.45342
1.45370
1.45397
1.45424
1.45451
1.45477
1.45503
1.45529
1.45554
1.45579
1.45604
1.45628
1.45652
1.45675
1.45698
1.45721
1.45743
1.45765
1.45787
1.45808
1.45829
1.45850
1.45870
1.45890
1.45909
1.45928
1.45947
1.45966
1.45984
1.46001
1.46019
1.46036
1.46052
1.46069
1.46084
1.46100
1.46115
1.46130
1.46145
1.46159
1.46173
1.46186
1.46199
1.46212
1.46224
1.46236
1.46248
1.46260
1.46271
1.46281
1.46292
1.46302
1.46311
1.46320
1.46329
1.46338
1.46346
1.46354
1.46362
1.46369
1.46376
1.46382
1.46388
1.46394
1.46400
1.46405
1.46410
1.46414
1.46418
1.46422
1.46426
1.46429
1.46432
1.46434
1.46436
1.46438
1.46439
1.46441
1.46441
1.46442
1.46442
1.46442
1.46441
1.46440
1.46439
1.46437
1.46436
1.46433
1.46431
1.46428
1.46425
1.46421
1.46417
1.46413
1.46409
1.46404
1.46399
1.46393
1.46388
1.46381
1.46375
1.46368
1.46361
1.46354
1.46346
1.46338
1.46330
1.46321
1.46312
1.46303
1.46293
1.46283
1.46273
1.46262
1.46251
1.46240
1.46229
1.46217
1.46204
1.46192
1.46179
1.46166
1.46153
1.46139
1.46125
1.46111
1.46096
1.46081
1.46066
1.46050
1.46034
1.46018
1.46002
1.45985
1.45968
1.45950
1.45933
1.45915
1.45896
1.45878
1.45859
1.45840
1.45820
1.45800
1.45780
1.45760
1.45739
1.45718
1.45697
1.45675
1.45653
1.45631
1.45609
1.45586
1.45563
1.45540
1.45516
1.45492
1.45468
1.45443
1.45419
1.45394
1.45368
1.45343
1.45317
1.45290
1.45264
1.45237
1.45210
1.45183
1.45155
1.45127
1.45099
1.45070
1.45042
1.45013
1.44983
1.44954
1.44924
1.44894
1.44863
1.44833
1.44802
1.44770
1.44739
1.44707
1.44675
1.44643
1.44610
1.44577
1.44544
1.44510
1.44477
1.44443
1.44409
1.44374
1.44339
1.44304
1.44269
1.44233
1.44198
1.44162
1.44125
1.44089
1.44052
1.44015
1.43977
1.43940
1.43902
1.43864
1.43825
1.43786
1.43748
1.43708
1.43669
1.43629
1.43589
1.43549
1.43509
1.43468
1.43427
1.43386
1.43344
1.43303
1.43261
1.43219
1.43176
1.43133
1.43091
1.43047
1.43004
1.42960
1.42916
1.42872
1.42828
1.42783
1.42738
1.42693
1.42648
1.42603
1.42557
1.42511
1.42464
1.42418
1.42371
1.42324
1.42277
1.42230
1.42182
1.42134
1.42086
1.42037
1.41989
1.41940
1.41891
1.41842
1.41792
1.41743
1.41693
1.41642
1.41592
1.41541
1.41491
1.41440
1.41388
1.41337
1.41285
1.41233
1.41181
1.41129
1.41076
1.41023
1.40970
1.40917
1.40864
1.40810
1.40756
1.40702
1.40648
1.40593
1.40539
1.40484
1.40429
1.40373
1.40318
1.40262
1.40206
1.40150
1.40094
1.40037
1.39980
1.39923
1.39866
1.39809
1.39751
1.39694
1.39636
1.39577
1.39519
1.39461
1.39402
1.39343
1.39284
1.39225
1.39165
1.39105
1.39045
1.38985
1.38925
1.38865
1.38804
1.38743
1.38682
1.38621
1.38560
1.38498
1.38436
1.38375
1.38312
1.38250
1.38188
1.38125
1.38062
1.37999
1.37936
1.37873
1.37809
1.37745
1.37682
1.37617
1.37553
1.37489
1.37424
1.37360
1.37295
1.37230
1.37164
1.37099
1.37033
1.36968
1.36902
1.36836
1.36769
1.36703
1.36636
1.36570
1.36503
1.36436
1.36368
1.36301
1.36233
1.36166
1.36098
1.36030
1.35962
1.35893
1.35825
1.35756
1.35688
1.35619
1.35550
1.35480
1.35411
1.35341
1.35272
1.35202
1.35132
1.35062
1.34992
1.34921
1.34851
1.34780
1.34709
1.34638
1.34567
1.34496
1.34424
1.34353
1.34281
1.34209
1.34137
1.34065
1.33993
1.33921
1.33848
1.33775
1.33703
1.33630
1.33557
1.33484
1.33410
1.33337
1.33263
1.33190
1.33116
1.33042
1.32968
1.32894
1.32819
1.32745
1.32670
1.32596
1.32521
1.32446
1.32371
1.32296
1.32221
1.32145
1.32070
1.31994
1.31918
1.31842
1.31767
1.31690
1.31614
1.31538
1.31462
1.31385
1.31308
1.31232
1.31155
1.31078
1.31001
1.30924
1.30846
1.30769
1.30691
1.30614
1.30536
1.30458
1.30381
1.30303
1.30224
1.30146
1.30068
1.29990
1.29911
1.29832
1.29754
1.29675
1.29596
1.29517
1.29438
1.29359
1.29280
1.29200
1.29121
1.29042
1.28962
1.28882
1.28803
1.28723
1.28643
1.28563
1.28483
1.28402
1.28322
1.28242
1.28161
1.28081
1.28000
1.27920
1.27839
1.27758
1.27677
1.27596
1.27515
1.27434
1.27353
1.27271
1.27190
1.27109
1.27027
1.26945
1.26864
1.26782
1.26700
1.26618
1.26537
1.26455
1.26372
1.26290
1.26208
1.26126
1.26044
1.25961
1.25879
1.25796
1.25714
1.25631
1.25548
1.25466
1.25383
1.25300
1.25217
1.25134
1.25051
1.24968
1.24885
1.24802
1.24719
1.24635
1.24552
1.24469
1.24385
1.24302
1.24218
1.24135
1.24051
1.23967
1.23883
1.23800
1.23716
1.23632
1.23548
1.23464
1.23380
1.23296
1.23212
1.23128
1.23044
1.22960
1.22875
1.22791
1.22707
1.22623
1.22538
1.22454
1.22369
1.22285
1.22200
1.22116
1.22031
1.21947
1.21862
1.21777
1.21693
1.21608
1.21523
1.21439
1.21354
1.21269
1.21184
1.21099
1.21014
1.20929
1.20845
1.20760
1.20675
1.20590
1.20505
1.20420
1.20335
1.20249
1.20164
1.20079
1.19994
1.19909
1.19824
1.19739
1.19654
1.19568
1.19483
1.19398
1.19313
1.19227
1.19142
1.19057
1.18972
1.18886
1.18801
1.18716
1.18631
1.18545
1.18460
1.18375
1.18289
1.18204
1.18119
1.18033
1.17948
1.17863
1.17778
1.17692
1.17607
1.17522
1.17436
1.17351
1.17266
1.17180
1.17095
1.17010
1.16925
1.16839
1.16754
1.16669
1.16584
1.16498
1.16413
1.16328
1.16243
1.16157
1.16072
1.15987
1.15902
1.15817
1.15732
1.15647
1.15561
1.15476
1.15391
1.15306
1.15221
1.15136
1.15051
1.14966
1.14881
1.14796
1.14712
1.14627
1.14542
1.14457
1.14372
1.14287
1.14203
1.14118
1.14033
1.13948
1.13864
1.13779
1.13695
1.13610
1.13526
1.13441
1.13357
1.13272
1.13188
1.13103
1.13019
1.12935
1.12850
1.12766
1.12682
1.12598
1.12514
1.12429
1.12345
1.12261
1.12177
1.12093
1.12010
1.11926
1.11842
1.11758
1.11674
1.11591
1.11507
1.11423
1.11340
1.11256
1.11173
1.11089
1.11006
1.10923
1.10839
1.10756
1.10673
1.10590
1.10507
1.10423
1.10340
1.10258
1.10175
1.10092
1.10009
1.09926
1.09844
1.09761
1.09678
1.09596
1.09513
1.09431
1.09349
1.09266
1.09184
1.09102
1.09020
1.08938
1.08856
1.08774
1.08692
1.08610
1.08528
1.08446
1.08365
1.08283
1.08202
1.08120
1.08039
1.07957
1.07876
1.07795
1.07714
1.07633
1.07552
1.07471
1.07390
1.07309
1.07228
1.07148
1.07067
1.06987
1.06906
1.06826
1.06746
1.06665
1.06585
1.06505
1.06425
1.06345
1.06265
1.06186
1.06106
1.06026
1.05947
1.05867
1.05788
1.05708
1.05629
1.05550
1.05471
1.05392
1.05313
1.05234
1.05155
1.05077
1.04998
1.04920
1.04841
1.04763
1.04685
1.04606
1.04528
1.04450
1.04372
1.04294
1.04217
1.04139
1.04061
1.03984
1.03907
1.03829
1.03752
1.03675
1.03598
1.03521
1.03444
1.03367
1.03290
1.03214
1.03137
1.03061
1.02985
1.02908
1.02832
1.02756
1.02680
1.02604
1.02529
1.02453
1.02377
1.02302
1.02227
1.02151
1.02076
1.02001
1.01926
1.01851
1.01776
1.01702
1.01627
1.01553
1.01478
1.01404
1.01330
1.01256
1.01182
1.01108
1.01034
1.00960
1.00887
1.00813
1.00740
1.00667
1.00594
1.00521
1.00448
1.00375
1.00302
1.00230
1.00157
1.00085
1.00012
0.99940
0.99868
0.99796
0.99724
0.99653
0.99581
0.99509
0.99438
0.99367
0.99296
0.99225
0.99154
0.99083
0.99012
0.98941
0.98871
0.98800
0.98730
0.98660
0.98590
0.98520
0.98450
0.98381
0.98311
0.98241
0.98172
0.98103
0.98034
0.97965
0.97896
0.97827
0.97758
0.97690
0.97622
0.97553
0.97485
0.97417
0.97349
0.97281
0.97214
0.97146
0.97079
0.97011
0.96944
0.96877
0.96810
0.96743
0.96677
0.96610
0.96544
0.96477
0.96411
0.96345
0.96279
0.96213
0.96147
0.96082
0.96016
0.95951
0.95886
0.95821
0.95756
0.95691
0.95626
0.95562
0.95497
0.95433
0.95369
0.95305
0.95241
0.95177
0.95114
0.95050
0.94987
0.94924
0.94860
0.94797
0.94735
0.94672
0.94609
0.94547
0.94484
0.94422
0.94360
0.94298
0.94236
0.94175
0.94113
0.94052
0.93991
0.93929
0.93869
0.93808
0.93747
0.93686
0.93626
0.93566
0.93505
0.93445
0.93386
0.93326
0.93266
0.93207
0.93147
0.93088
0.93029
0.92970
0.92911
0.92853
0.92794
0.92736
0.92678
0.92619
0.92562
0.92504
0.92446
0.92389
0.92331
0.92274
0.92217
0.92160
0.92103
0.92046
0.91990
0.91933
0.91877
0.91821
0.91765
0.91709
0.91654
0.91598
0.91543
0.91487
0.91432
0.91377
0.91322
0.91268
0.91213
0.91159
0.91105
0.91051
0.90997
0.90943
0.90889
0.90836
0.90782
0.90729
0.90676
0.90623
0.90570
0.90518
0.90465
0.90413
0.90361
0.90309
0.90257
0.90205
0.90153
0.90102
0.90050
0.89999
0.89948
0.89897
0.89847
0.89796
0.89746
0.89696
0.89645
0.89595
0.89546
0.89496
0.89446
0.89397
0.89348
0.89299
0.89250
0.89201
0.89152
0.89104
0.89056
0.89008
0.88960
0.88912
0.88864
0.88816
0.88769
0.88722
0.88675
0.88628
0.88581
0.88534
0.88488
0.88441
0.88395
0.88349
0.88303
0.88258
0.88212
0.88167
0.88121
0.88076
0.88031
0.87986
0.87942
0.87897
0.87853
0.87809
0.87765
0.87721
0.87677
0.87633
0.87590
0.87547
0.87504
0.87461
0.87418
0.87375
0.87333
0.87290
0.87248
0.87206
0.87164
0.87122
0.87081
0.87039
0.86998
0.86957
0.86916
0.86875
0.86835
0.86794
0.86754
0.86714
0.86674
0.86634
0.86594
0.86554
0.86515
0.86476
0.86437
0.86398
0.86359
0.86320
0.86282
0.86244
0.86205
0.86167
0.86130
0.86092
0.86054
0.86017
0.85980
0.85943
0.85906
0.85869
0.85833
0.85796
0.85760
0.85724
0.85688
0.85652
0.85616
0.85581
0.85545
0.85510
0.85475
0.85440
0.85406
0.85371
0.85337
0.85302
0.85268
0.85234
0.85201
0.85167
0.85134
0.85100
0.85067
0.85034
0.85001
0.84969
0.84936
0.84904
0.84872
0.84839
0.84808
0.84776
0.84744
0.84713
0.84682
0.84650
0.84620
0.84589
0.84558
0.84528
0.84497
0.84467
0.84437
0.84407
0.84378
0.84348
0.84319
0.84289
0.84260
0.84231
0.84203
0.84174
0.84146
0.84117
0.84089
0.84061
0.84033
0.84006
0.83978
0.83951
0.83924
0.83897
0.83870
0.83843
0.83816
0.83790
0.83764
0.83738
0.83712
0.83686
0.83660
0.83635
0.83609
0.83584
0.83559
0.83534
0.83510
0.83485
0.83461
0.83436
0.83412
0.83388
0.83365
0.83341
0.83317
0.83294
0.83271
0.83248
0.83225
0.83202
0.83180
0.83158
0.83135
0.83113
0.83091
0.83069
0.83048
0.83026
0.83005
0.82984
0.82963
0.82942
0.82921
0.82901
0.82880
0.82860
0.82840
0.82820
0.82800
0.82781
0.82761
0.82742
0.82723
0.82704
0.82685
0.82666
0.82648
0.82629
0.82611
0.82593
0.82575
0.82557
0.82540
0.82522
0.82505
0.82488
0.82470
0.82454
0.82437
0.82420
0.82404
0.82388
0.82371
0.82355
0.82340
0.82324
0.82308
0.82293
0.82278
0.82263
0.82248
0.82233
0.82218
0.82204
0.82189
0.82175
0.82161
0.82147
0.82134
0.82120
0.82107
0.82093
0.82080
0.82067
0.82054
0.82042
0.82029
0.82017
0.82004
0.81992
0.81980
0.81968
0.81957
0.81945
0.81934
0.81923
0.81912
0.81901
0.81890
0.81879
0.81869
0.81858
0.81848
0.81838
0.81828
0.81818
0.81809
0.81799
0.81790
0.81781
0.81772
0.81763
0.81754
0.81745
0.81737
0.81728
0.81720
0.81712
0.81704
0.81697
0.81689
0.81681
0.81674
0.81667
0.81660
0.81653
0.81646
0.81640
0.81633
0.81627
0.81621
0.81614
0.81609
0.81603
0.81597
0.81592
0.81586
0.81581
0.81576
0.81571
0.81566
0.81562
0.81557
0.81553
0.81548
0.81544
0.81540
0.81537
0.81533
0.81529
0.81526
0.81523
0.81519
0.81516
0.81514
0.81511
0.81508
0.81506
0.81503
0.81501
0.81499
0.81497
0.81496
0.81494
0.81492
0.81491
0.81490
0.81489
0.81488
0.81487
0.81486
0.81486
0.81485
0.81485
0.81485
0.81485
0.81485
0.81485
0.81485
0.81486
0.81486
0.81487
0.81488
0.81489
0.81490
0.81491
0.81493
0.81494
0.81496
0.81498
0.81500
0.81502
0.81504
0.81506
0.81509
0.81511
0.81514
0.81517
0.81520
0.81523
0.81526
0.81530
0.81533
0.81537
0.81540
0.81544
0.81548
0.81552
0.81556
0.81561
0.81565
0.81570
0.81575
0.81579
0.81584
0.81590
0.81595
0.81600
0.81606
0.81611
0.81617
0.81623
0.81629
0.81635
0.81641
0.81647
0.81654
0.81660
0.81667
0.81674
0.81681
0.81688
0.81695
0.81702
0.81710
0.81717
0.81725
0.81733
0.81741
0.81749
0.81757
0.81765
0.81774
0.81782
0.81791
0.81799
0.81808
0.81817
0.81826
0.81835
0.81845
0.81854
0.81864
0.81873
0.81883
0.81893
0.81903
0.81913
0.81923
0.81934
0.81944
0.81955
0.81965
0.81976
0.81987
0.81998
0.82009
0.82021
0.82032
0.82043
0.82055
0.82067
0.82079
0.82090
0.82102
0.82115
0.82127
0.82139
0.82152
0.82164
0.82177
0.82190
0.82203
0.82216
0.82229
0.82242
0.82255
0.82269
0.82282
0.82296
0.82310
0.82324
0.82338
0.82352
0.82366
0.82380
0.82394
0.82409
0.82424
0.82438
0.82453
0.82468
0.82483
0.82498
0.82513
0.82529
0.82544
0.82560
0.82575
0.82591
0.82607
0.82623
0.82639
0.82655
0.82671
0.82687
0.82704
0.82720
0.82737
0.82754
0.82771
0.82787
0.82804
0.82822
0.82839
0.82856
0.82873
0.82891
0.82909
0.82926
0.82944
0.82962
0.82980
0.82998
0.83016
0.83034
0.83053
0.83071
0.83090
0.83108
0.83127
0.83146
0.83165
0.83184
0.83203
0.83222
0.83242
0.83261
0.83280
0.83300
0.83320
0.83339
0.83359
0.83379
0.83399
0.83419
0.83439
0.83460
0.83480
0.83500
0.83521
0.83542
0.83562
0.83583
0.83604
0.83625
0.83646
0.83667
0.83688
0.83710
0.83731
0.83753
0.83774
0.83796
0.83817
0.83839
0.83861
0.83883
0.83905
0.83927
0.83950
0.83972
0.83994
0.84017
0.84039
0.84062
0.84085
0.84107
0.84130
0.84153
0.84176
0.84199
0.84222
0.84246
0.84269
0.84292
0.84316
0.84340
0.84363
0.84387
0.84411
0.84435
0.84459
0.84483
0.84507
0.84531
0.84555
0.84579
0.84604
0.84628
0.84653
0.84677
0.84702
0.84727
0.84752
0.84777
0.84802
0.84827
0.84852
0.84877
0.84902
0.84928
0.84953
0.84978
0.85004
0.85030
0.85055
0.85081
0.85107
0.85133
0.85159
0.85185
0.85211
0.85237
0.85263
0.85289
0.85316
0.85342
0.85369
0.85395
0.85422
0.85449
0.85475
0.85502
0.85529
0.85556
0.85583
0.85610
0.85637
0.85664
0.85691
0.85719
0.85746
0.85774
0.85801
0.85829
0.85856
0.85884
0.85912
0.85939
0.85967
0.85995
0.86023
0.86051
0.86079
0.86107
0.86135
0.86164
0.86192
0.86220
0.86249
0.86277
0.86306
0.86334
0.86363
0.86392
0.86420
0.86449
0.86478
0.86507
0.86536
0.86565
0.86594
0.86623
0.86652
0.86682
0.86711
0.86740
0.86769
0.86799
0.86828
0.86858
0.86887
0.86917
0.86947
0.86977
0.87006
0.87036
0.87066
0.87096
0.87126
0.87156
0.87186
0.87216
0.87246
0.87276
0.87307
0.87337
0.87367
0.87398
0.87428
0.87458
0.87489
0.87520
0.87550
0.87581
0.87611
0.87642
0.87673
0.87704
0.87735
0.87766
0.87796
0.87827
0.87858
0.87890
0.87921
0.87952
0.87983
0.88014
0.88045
0.88077
0.88108
0.88139
0.88171
0.88202
0.88234
0.88265
0.88297
0.88328
0.88360
0.88392
0.88423
0.88455
0.88487
0.88519
0.88551
0.88582
0.88614
0.88646
0.88678
0.88710
0.88742
0.88774
0.88806
0.88839
0.88871
0.88903
0.88935
0.88967
0.89000
0.89032
0.89064
0.89097
0.89129
0.89162
0.89194
0.89227
0.89259
0.89292
0.89324
0.89357
0.89389
0.89422
0.89455
0.89488
0.89520
0.89553
0.89586
0.89619
0.89651
0.89684
0.89717
0.89750
0.89783
0.89816
0.89849
0.89882
0.89915
0.89948
0.89981
0.90014
0.90047
0.90081
0.90114
0.90147
0.90180
0.90213
0.90247
0.90280
0.90313
0.90346
0.90380
0.90413
0.90446
0.90480
0.90513
0.90547
0.90580
0.90614
0.90647
0.90680
0.90714
0.90748
0.90781
0.90815
0.90848
0.90882
0.90915
0.90949
0.90983
0.91016
0.91050
0.91083
0.91117
0.91151
0.91185
0.91218
0.91252
0.91286
0.91319
0.91353
0.91387
0.91421
0.91455
0.91488
0.91522
0.91556
0.91590
0.91624
0.91658
0.91691
0.91725
0.91759
0.91793
0.91827
0.91861
0.91895
0.91929
0.91963
0.91997
0.92030
0.92064
0.92098
0.92132
0.92166
0.92200
0.92234
0.92268
0.92302
0.92336
0.92370
0.92404
0.92438
0.92472
0.92506
0.92540
0.92574
0.92608
0.92642
0.92676
0.92710
0.92744
0.92778
0.92812
0.92846
0.92880
0.92914
0.92948
0.92982
0.93016
0.93050
0.93084
0.93118
0.93152
0.93186
0.93220
0.93254
0.93288
0.93322
0.93356
0.93390
0.93424
0.93458
0.93492
0.93526
0.93560
0.93594
0.93628
0.93662
0.93696
0.93730
0.93764
0.93798
0.93832
0.93866
0.93899
0.93933
0.93967
0.94001
0.94035
0.94069
0.94103
0.94137
0.94170
0.94204
0.94238
0.94272
0.94306
0.94339
0.94373
0.94407
0.94441
0.94474
0.94508
0.94542
0.94576
0.94609
0.94643
0.94677
0.94710
0.94744
0.94778
0.94811
0.94845
0.94879
0.94912
0.94946
0.94979
0.95013
0.95046
0.95080
0.95113
0.95147
0.95180
0.95214
0.95247
0.95281
0.95314
0.95347
0.95381
0.95414
0.95447
0.95481
0.95514
0.95547
0.95581
0.95614
0.95647
0.95680
0.95713
0.95747
0.95780
0.95813
0.95846
0.95879
0.95912
0.95945
0.95978
0.96011
0.96044
0.96077
0.96110
0.96143
0.96176
0.96209
0.96242
0.96275
0.96307
0.96340
0.96373
0.96406
0.96438
0.96471
0.96504
0.96536
0.96569
0.96602
0.96634
0.96667
0.96699
0.96732
0.96764
0.96797
0.96829
0.96862
0.96894
0.96926
0.96959
0.96991
0.97023
0.97055
0.97088
0.97120
0.97152
0.97184
0.97216
0.97248
0.97280
0.97312
0.97344
0.97376
0.97408
0.97440
0.97472
0.97504
0.97536
0.97567
0.97599
0.97631
0.97663
0.97694
0.97726
0.97757
0.97789
0.97820
0.97852
0.97883
0.97915
0.97946
0.97978
0.98009
0.98040
0.98072
0.98103
0.98134
0.98165
0.98196
0.98227
0.98258
0.98289
0.98320
0.98351
0.98382
0.98413
0.98444
0.98475
0.98506
0.98536
0.98567
0.98598
0.98629
0.98659
0.98690
0.98720
0.98751
0.98781
0.98812
0.98842
0.98872
0.98903
0.98933
0.98963
0.98993
0.99024
0.99054
0.99084
0.99114
0.99144
0.99174
0.99204
0.99234
0.99263
0.99293
0.99323
0.99353
0.99382
0.99412
0.99442
0.99471
0.99501
0.99530
0.99560
0.99589
0.99619
0.99648
0.99677
0.99706
0.99736
0.99765
0.99794
0.99823
0.99852
0.99881
0.99910
0.99939
0.99968
0.99997
1.00025
1.00054
1.00083
1.00111
1.00140
1.00168
1.00197
1.00225
1.00254
1.00282
1.00311
1.00339
1.00367
1.00395
1.00423
1.00452
1.00480
1.00508
1.00536
1.00564
1.00591
1.00619
1.00647
1.00675
1.00703
1.00730
1.00758
1.00785
1.00813
1.00840
1.00868
1.00895
1.00922
1.00950
1.00977
1.01004
1.01031
1.01058
1.01085
1.01112
1.01139
1.01166
1.01193
1.01220
1.01246
1.01273
1.01300
1.01326
1.01353
1.01379
1.01406
1.01432
1.01459
1.01485
1.01511
1.01537
1.01563
1.01589
1.01616
1.01642
1.01667
1.01693
1.01719
1.01745
1.01771
1.01796
1.01822
1.01848
1.01873
1.01899
1.01924
1.01949
1.01975
1.02000
1.02025
1.02050
1.02075
1.02101
1.02126
1.02150
1.02175
1.02200
1.02225
1.02250
1.02274
1.02299
1.02324
1.02348
1.02373
1.02397
1.02421
1.02446
1.02470
1.02494
1.02518
1.02542
1.02566
1.02590
1.02614
1.02638
1.02662
1.02686
1.02710
1.02733
1.02757
1.02780
1.02804
1.02827
1.02851
1.02874
1.02897
1.02920
1.02944
1.02967
1.02990
1.03013
1.03036
1.03059
1.03081
1.03104
1.03127
1.03150
1.03172
1.03195
1.03217
1.03240
1.03262
1.03284
1.03307
1.03329
1.03351
1.03373
1.03395
1.03417
1.03439
1.03461
1.03482
1.03504
1.03526
1.03548
1.03569
1.03591
1.03612
1.03633
1.03655
1.03676
1.03697
1.03718
1.03739
1.03761
1.03782
1.03802
1.03823
1.03844
1.03865
1.03886
1.03906
1.03927
1.03947
1.03968
1.03988
1.04008
1.04029
1.04049
1.04069
1.04089
1.04109
1.04129
1.04149
1.04169
1.04189
1.04208
1.04228
1.04248
1.04267
1.04287
1.04306
1.04326
1.04345
1.04364
1.04383
1.04403
1.04422
1.04441
1.04460
1.04479
1.04497
1.04516
1.04535
1.04554
1.04572
1.04591
1.04609
1.04628
1.04646
1.04664
1.04682
1.04701
1.04719
1.04737
1.04755
1.04773
1.04790
1.04808
1.04826
1.04844
1.04861
1.04879
1.04896
1.04914
1.04931
1.04948
1.04966
1.04983
1.05000
1.05017
1.05034
1.05051
1.05068
1.05085
1.05102
1.05118
1.05135
1.05151
1.05168
1.05184
1.05201
1.05217
1.05233
1.05250
1.05266
1.05282
1.05298
1.05314
1.05330
1.05345
1.05361
1.05377
1.05393
1.05408
1.05424
1.05439
1.05455
1.05470
1.05485
1.05500
1.05516
1.05531
1.05546
1.05561
1.05575
1.05590
1.05605
1.05620
1.05634
1.05649
1.05664
1.05678
1.05692
1.05707
1.05721
1.05735
1.05749
1.05763
1.05777
1.05791
1.05805
1.05819
1.05833
1.05847
1.05860
1.05874
1.05887
1.05901
1.05914
1.05928
1.05941
1.05954
1.05967
1.05980
1.05993
1.06006
1.06019
1.06032
1.06045
1.06058
1.06070
1.06083
1.06095
1.06108
1.06120
1.06133
1.06145
1.06157
1.06169
1.06181
1.06193
1.06205
1.06217
1.06229
1.06241
1.06252
1.06264
1.06276
1.06287
1.06299
1.06310
1.06321
1.06333
1.06344
1.06355
1.06366
1.06377
1.06388
1.06399
1.06410
1.06421
1.06431
1.06442
1.06453
1.06463
1.06474
1.06484
1.06494
1.06505
1.06515
1.06525
1.06535
1.06545
1.06555
1.06565
1.06575
1.06585
1.06594
1.06604
1.06614
1.06623
1.06633
1.06642
1.06651
1.06661
1.06670
1.06679
1.06688
1.06697
1.06706
1.06715
1.06724
1.06733
1.06742
1.06750
1.06759
1.06767
1.06776
1.06784
1.06793
1.06801
1.06809
1.06817
1.06826
1.06834
1.06842
1.06850
1.06858
1.06865
1.06873
1.06881
1.06888
1.06896
1.06904
1.06911
1.06918
1.06926
1.06933
1.06940
1.06947
1.06954
1.06961
1.06968
1.06975
1.06982
1.06989
1.06996
1.07002
1.07009
1.07016
1.07022
1.07028
1.07035
1.07041
1.07047
1.07054
1.07060
1.07066
1.07072
1.07078
1.07084
1.07089
1.07095
1.07101
1.07107
1.07112
1.07118
1.07123
1.07129
1.07134
1.07139
1.07145
1.07150
1.07155
1.07160
1.07165
1.07170
1.07175
1.07180
1.07184
1.07189
1.07194
1.07198
1.07203
1.07207
1.07212
1.07216
1.07220
1.07225
1.07229
1.07233
1.07237
1.07241
1.07245
1.07249
1.07253
1.07256
1.07260
1.07264
1.07267
1.07271
1.07275
1.07278
1.07281
1.07285
1.07288
1.07291
1.07294
1.07297
1.07300
1.07303
1.07306
1.07309
1.07312
1.07315
1.07317
1.07320
1.07323
1.07325
1.07328
1.07330
1.07332
1.07335
1.07337
1.07339
1.07341
1.07343
1.07345
1.07347
1.07349
1.07351
1.07353
1.07355
1.07356
1.07358
1.07360
1.07361
1.07363
1.07364
1.07365
1.07367
1.07368
1.07369
1.07370
1.07371
1.07372
1.07373
1.07374
1.07375
1.07376
1.07377
1.07377
1.07378
1.07379
1.07379
1.07380
1.07380
1.07381
1.07381
1.07381
1.07381
1.07382
1.07382
1.07382
1.07382
1.07382
1.07382
1.07381
1.07381
1.07381
1.07381
1.07380
1.07380
1.07379
1.07379
1.07378
1.07378
1.07377
1.07376
1.07376
1.07375
1.07374
1.07373
1.07372
1.07371
1.07370
1.07369
1.07368
1.07366
1.07365
1.07364
1.07362
1.07361
1.07359
1.07358
1.07356
1.07355
1.07353
1.07351
1.07349
1.07348
1.07346
1.07344
1.07342
1.07340
1.07338
1.07336
1.07333
1.07331
1.07329
1.07326
1.07324
1.07322
1.07319
1.07317
1.07314
1.07311
1.07309
1.07306
1.07303
1.07300
1.07298
1.07295
1.07292
1.07289
1.07286
1.07283
1.07279
1.07276
1.07273
1.07270
1.07266
1.07263
1.07260
1.07256
1.07253
1.07249
1.07245
1.07242
1.07238
1.07234
1.07230
1.07227
1.07223
1.07219
1.07215
1.07211
1.07207
1.07202
1.07198
1.07194
1.07190
1.07185
1.07181
1.07177
1.07172
1.07168
1.07163
1.07159
1.07154
1.07149
1.07145
1.07140
1.07135
1.07130
1.07125
1.07120
1.07116
1.07110
1.07105
1.07100
1.07095
1.07090
1.07085
1.07079
1.07074
1.07069
1.07063
1.07058
1.07052
1.07047
1.07041
1.07036
1.07030
1.07024
1.07019
1.07013
1.07007
1.07001
1.06995
1.06989
1.06983
1.06977
1.06971
1.06965
1.06959
1.06953
1.06947
1.06940
1.06934
1.06928
1.06921
1.06915
1.06908
1.06902
1.06895
1.06889
1.06882
1.06875
1.06869
1.06862
1.06855
1.06848
1.06841
1.06835
1.06828
1.06821
1.06814
1.06807
1.06799
1.06792
1.06785
1.06778
1.06771
1.06763
1.06756
1.06749
1.06741
1.06734
1.06726
1.06719
1.06711
1.06704
1.06696
1.06689
1.06681
1.06673
1.06665
1.06658
1.06650
1.06642
1.06634
1.06626
1.06618
1.06610
1.06602
1.06594
1.06586
1.06578
1.06569
1.06561
1.06553
1.06545
1.06536
1.06528
1.06520
1.06511
1.06503
1.06494
1.06486
1.06477
1.06469
1.06460
1.06451
1.06443
1.06434
1.06425
1.06416
1.06407
1.06399
1.06390
1.06381
1.06372
1.06363
1.06354
1.06345
1.06336
1.06326
1.06317
1.06308
1.06299
1.06290
1.06280
1.06271
1.06262
1.06252
1.06243
1.06234
1.06224
1.06215
1.06205
1.06196
1.06186
1.06176
1.06167
1.06157
1.06147
1.06138
1.06128
1.06118
1.06108
1.06098
1.06089
1.06079
1.06069
1.06059
1.06049
1.06039
1.06029
1.06019
1.06009
1.05998
1.05988
1.05978
1.05968
1.05958
1.05947
1.05937
1.05927
1.05916
1.05906
1.05896
1.05885
1.05875
1.05864
1.05854
1.05843
1.05833
1.05822
1.05811
1.05801
1.05790
1.05779
1.05769
1.05758
1.05747
1.05736
1.05726
1.05715
1.05704
1.05693
1.05682
1.05671
1.05660
1.05649
1.05638
1.05627
1.05616
1.05605
1.05594
1.05583
1.05572
1.05561
1.05549
1.05538
1.05527
1.05516
1.05504
1.05493
1.05482
1.05470
1.05459
1.05448
1.05436
1.05425
1.05413
1.05402
1.05390
1.05379
1.05367
1.05356
1.05344
1.05332
1.05321
1.05309
1.05298
1.05286
1.05274
1.05262
1.05251
1.05239
1.05227
1.05215
1.05203
1.05192
1.05180
1.05168
1.05156
1.05144
1.05132
1.05120
1.05108
1.05096
1.05084
1.05072
1.05060
1.05048
1.05036
1.05024
1.05012
1.04999
1.04987
1.04975
1.04963
1.04951
1.04938
1.04926
1.04914
1.04902
1.04889
1.04877
1.04865
1.04852
1.04840
1.04828
1.04815
1.04803
1.04790
1.04778
1.04765
1.04753
1.04740
1.04728
1.04715
1.04703
1.04690
1.04678
1.04665
1.04653
1.04640
1.04627
1.04615
1.04602
1.04589
1.04577
1.04564
1.04551
1.04539
1.04526
1.04513
1.04500
1.04488
1.04475
1.04462
1.04449
1.04436
1.04424
1.04411
1.04398
1.04385
1.04372
1.04359
1.04346
1.04333
1.04320
1.04307
1.04294
1.04282
1.04269
1.04256
1.04243
1.04230
1.04217
1.04203
1.04190
1.04177
1.04164
1.04151
1.04138
1.04125
1.04112
1.04099
1.04086
1.04073
1.04059
1.04046
1.04033
1.04020
1.04007
1.03994
1.03980
1.03967
1.03954
1.03941
1.03928
1.03914
1.03901
1.03888
1.03875
1.03861
1.03848
1.03835
1.03821
1.03808
1.03795
1.03781
1.03768
1.03755
1.03742
1.03728
1.03715
1.03701
1.03688
1.03675
1.03661
1.03648
1.03635
1.03621
1.03608
1.03594
1.03581
1.03568
1.03554
1.03541
1.03527
1.03514
1.03500
1.03487
1.03474
1.03460
1.03447
1.03433
1.03420
1.03406
1.03393
1.03379
1.03366
1.03352
1.03339
1.03325
1.03312
1.03298
1.03285
1.03271
1.03258
1.03244
1.03231
1.03217
1.03204
1.03190
1.03177
1.03163
1.03150
1.03136
1.03122
1.03109
1.03095
1.03082
1.03068
1.03055
1.03041
1.03028
1.03014
1.03001
1.02987
1.02973
1.02960
1.02946
1.02933
1.02919
1.02906
1.02892
1.02879
1.02865
1.02851
1.02838
1.02824
1.02811
1.02797
1.02784
1.02770
1.02756
1.02743
1.02729
1.02716
1.02702
1.02689
1.02675
1.02662
1.02648
1.02634
1.02621
1.02607
1.02594
1.02580
1.02567
1.02553
1.02540
1.02526
1.02513
1.02499
1.02486
1.02472
1.02459
1.02445
1.02431
1.02418
1.02404
1.02391
1.02377
1.02364
1.02350
1.02337
1.02323
1.02310
1.02296
1.02283
1.02270
1.02256
1.02243
1.02229
1.02216
1.02202
1.02189
1.02175
1.02162
1.02148
1.02135
1.02122
1.02108
1.02095
1.02081
1.02068
1.02055
1.02041
1.02028
1.02014
1.02001
1.01988
1.01974
1.01961
1.01948
1.01934
1.01921
1.01907
1.01894
1.01881
1.01868
1.01854
1.01841
1.01828
1.01814
1.01801
1.01788
1.01774
1.01761
1.01748
1.01735
1.01721
1.01708
1.01695
1.01682
1.01669
1.01655
1.01642
1.01629
1.01616
1.01603
1.01590
1.01576
1.01563
1.01550
1.01537
1.01524
1.01511
1.01498
1.01485
1.01471
1.01458
1.01445
1.01432
1.01419
1.01406
1.01393
1.01380
1.01367
1.01354
1.01341
1.01328
1.01315
1.01302
1.01289
1.01276
1.01263
1.01251
1.01238
1.01225
1.01212
1.01199
1.01186
1.01173
1.01160
1.01148
1.01135
1.01122
1.01109
1.01096
1.01084
1.01071
1.01058
1.01045
1.01033
1.01020
1.01007
1.00995
1.00982
1.00969
1.00957
1.00944
1.00931
1.00919
1.00906
1.00893
1.00881
1.00868
1.00856
1.00843
1.00831
1.00818
1.00806
1.00793
1.00781
1.00768
1.00756
1.00743
1.00731
1.00718
1.00706
1.00694
1.00681
1.00669
1.00657
1.00644
1.00632
1.00620
1.00607
1.00595
1.00583
1.00571
1.00558
1.00546
1.00534
1.00522
1.00510
1.00497
1.00485
1.00473
1.00461
1.00449
1.00437
1.00425
1.00413
1.00401
1.00389
1.00377
1.00365
1.00353
1.00341
1.00329
1.00317
1.00305
1.00293
1.00281
1.00269
1.00257
1.00246
1.00234
1.00222
1.00210
1.00198
1.00187
1.00175
1.00163
1.00151
1.00140
1.00128
1.00116
1.00105
1.00093
1.00082
1.00070
1.00058
1.00047
1.00035
1.00024
1.00012
1.00001
0.99989
0.99978
0.99966
0.99955
0.99944
0.99932
0.99921
0.99910
0.99898
0.99887
0.99876
0.99864
0.99853
0.99842
0.99831
0.99819
0.99808
0.99797
0.99786
0.99775
0.99764
0.99753
0.99741
0.99730
0.99719
0.99708
0.99697
0.99686
0.99675
0.99664
0.99654
0.99643
0.99632
0.99621
0.99610
0.99599
0.99588
0.99578
0.99567
0.99556
0.99545
0.99535
0.99524
0.99513
0.99503
0.99492
0.99481
0.99471
0.99460
0.99450
0.99439
0.99428
0.99418
0.99407
0.99397
0.99387
0.99376
0.99366
0.99355
0.99345
0.99335
0.99324
0.99314
0.99304
0.99294
0.99283
0.99273
0.99263
0.99253
0.99243
0.99232
0.99222
0.99212
0.99202
0.99192
0.99182
0.99172
0.99162
0.99152
0.99142
0.99132
0.99122
0.99112
0.99103
0.99093
0.99083
0.99073
0.99063
0.99054
0.99044
0.99034
0.99024
0.99015
0.99005
0.98996
0.98986
0.98976
0.98967
0.98957
0.98948
0.98938
0.98929
0.98919
0.98910
0.98900
0.98891
0.98882
0.98872
0.98863
0.98854
0.98844
0.98835
0.98826
0.98817
0.98808
0.98798
0.98789
0.98780
0.98771
0.98762
0.98753
0.98744
0.98735
0.98726
0.98717
0.98708
0.98699
0.98690
0.98681
0.98672
0.98664
0.98655
0.98646
0.98637
0.98629
0.98620
0.98611
0.98603
0.98594
0.98585
0.98577
0.98568
0.98560
0.98551
0.98542
0.98534
0.98526
0.98517
0.98509
0.98500
0.98492
0.98484
0.98475
0.98467
0.98459
0.98450
0.98442
0.98434
0.98426
0.98418
0.98410
0.98402
0.98393
0.98385
0.98377
0.98369
0.98361
0.98353
0.98345
0.98338
0.98330
0.98322
0.98314
0.98306
0.98298
0.98291
0.98283
0.98275
0.98267
0.98260
0.98252
0.98244
0.98237
0.98229
0.98222
0.98214
0.98207
0.98199
0.98192
0.98184
0.98177
0.98169
0.98162
0.98155
0.98147
0.98140
0.98133
0.98126
0.98118
0.98111
0.98104
0.98097
0.98090
0.98083
0.98076
0.98069
0.98062
0.98055
0.98048
0.98041
0.98034
0.98027
0.98020
0.98013
0.98006
0.97999
0.97993
0.97986
0.97979
0.97972
0.97966
0.97959
0.97952
0.97946
0.97939
0.97933
0.97926
0.97920
0.97913
0.97907
0.97900
0.97894
0.97888
0.97881
0.97875
0.97869
0.97862
0.97856
0.97850
0.97844
0.97837
0.97831
0.97825
0.97819
0.97813
0.97807
0.97801
0.97795
0.97789
0.97783
0.97777
0.97771
0.97765
0.97759
0.97753
0.97748
0.97742
0.97736
0.97730
0.97725
0.97719
0.97713
0.97708
0.97702
0.97696
0.97691
0.97685
0.97680
0.97674
0.97669
0.97663
0.97658
0.97653
0.97647
0.97642
0.97637
0.97631
0.97626
0.97621
0.97616
0.97610
0.97605
0.97600
0.97595
0.97590
0.97585
0.97580
0.97575
0.97570
0.97565
0.97560
0.97555
0.97550
0.97545
0.97540
0.97535
0.97531
0.97526
0.97521
0.97516
0.97512
0.97507
0.97502
0.97498
0.97493
0.97489
0.97484
0.97480
0.97475
0.97471
0.97466
0.97462
0.97457
0.97453
0.97449
0.97444
0.97440
0.97436
0.97431
0.97427
0.97423
0.97419
0.97415
0.97411
0.97407
0.97402
0.97398
0.97394
0.97390
0.97386
0.97382
0.97379
0.97375
0.97371
0.97367
0.97363
0.97359
0.97355
0.97352
0.97348
0.97344
0.97341
0.97337
0.97333
0.97330
0.97326
0.97323
0.97319
0.97316
0.97312
0.97309
0.97305
0.97302
0.97298
0.97295
0.97292
0.97288
0.97285
0.97282
0.97279
0.97275
0.97272
0.97269
0.97266
0.97263
0.97260
0.97257
0.97254
0.97251
0.97248
0.97245
0.97242
0.97239
0.97236
0.97233
0.97230
0.97227
0.97224
0.97222
0.97219
0.97216
0.97213
0.97211
0.97208
0.97206
0.97203
0.97200
0.97198
0.97195
0.97193
0.97190
0.97188
0.97185
0.97183
0.97180
0.97178
0.97176
0.97173
0.97171
0.97169
0.97167
0.97164
0.97162
0.97160
0.97158
0.97156
0.97154
0.97152
0.97149
0.97147
0.97145
0.97143
0.97141
0.97139
0.97138
0.97136
0.97134
0.97132
0.97130
0.97128
0.97127
0.97125
0.97123
0.97121
0.97120
0.97118
0.97116
0.97115
0.97113
0.97112
0.97110
0.97108
0.97107
0.97105
0.97104
0.97103
0.97101
0.97100
0.97098
0.97097
0.97096
0.97094
0.97093
0.97092
0.97091
0.97089
0.97088
0.97087
0.97086
0.97085
0.97084
0.97083
0.97082
0.97081
0.97080
0.97079
0.97078
0.97077
0.97076
0.97075
0.97074
0.97073
0.97072
0.97072
0.97071
0.97070
0.97069
0.97069
0.97068
0.97067
0.97066
0.97066
0.97065
0.97065
0.97064
0.97064
0.97063
0.97063
0.97062
0.97062
0.97061
0.97061
0.97060
0.97060
0.97060
0.97059
0.97059
0.97059
0.97059
0.97058
0.97058
0.97058
0.97058
0.97058
0.97057
0.97057
0.97057
0.97057
0.97057
0.97057
0.97057
0.97057
0.97057
0.97057
0.97057
0.97057
0.97057
0.97058
0.97058
0.97058
0.97058
0.97058
0.97059
0.97059
0.97059
0.97060
0.97060
0.97060
0.97061
0.97061
0.97061
0.97062
0.97062
0.97063
0.97063
0.97064
0.97064
0.97065
0.97065
0.97066
0.97067
0.97067
0.97068
0.97069
0.97069
0.97070
0.97071
0.97071
0.97072
0.97073
0.97074
0.97075
0.97076
0.97076
0.97077
0.97078
0.97079
0.97080
0.97081
0.97082
0.97083
0.97084
0.97085
0.97086
0.97087
0.97088
0.97090
0.97091
0.97092
0.97093
0.97094
0.97095
0.97097
0.97098
0.97099
0.97100
0.97102
0.97103
0.97104
0.97106
0.97107
0.97109
0.97110
0.97112
0.97113
0.97114
0.97116
0.97117
0.97119
0.97121
0.97122
0.97124
0.97125
0.97127
0.97129
0.97130
0.97132
0.97134
0.97135
0.97137
0.97139
0.97141
0.97142
0.97144
0.97146
0.97148
0.97150
0.97152
0.97154
0.97155
0.97157
0.97159
0.97161
0.97163
0.97165
0.97167
0.97169
0.97171
0.97173
0.97176
0.97178
0.97180
0.97182
0.97184
0.97186
0.97188
0.97191
0.97193
0.97195
0.97197
0.97200
0.97202
0.97204
0.97207
0.97209
0.97211
0.97214
0.97216
0.97218
0.97221
0.97223
0.97226
0.97228
0.97231
0.97233
0.97236
0.97238
0.97241
0.97243
0.97246
0.97249
0.97251
0.97254
0.97256
0.97259
0.97262
0.97264
0.97267
0.97270
0.97273
0.97275
0.97278
0.97281
0.97284
0.97287
0.97289
0.97292
0.97295
0.97298
0.97301
0.97304
0.97307
0.97310
0.97313
0.97315
0.97318
0.97321
0.97324
0.97327
0.97331
0.97334
0.97337
0.97340
0.97343
0.97346
0.97349
0.97352
0.97355
0.97359
0.97362
0.97365
0.97368
0.97371
0.97375
0.97378
0.97381
0.97384
0.97388
0.97391
0.97394
0.97398
0.97401
0.97404
0.97408
0.97411
0.97414
0.97418
0.97421
0.97425
0.97428
0.97432
0.97435
0.97439
0.97442
0.97446
0.97449
0.97453
0.97456
0.97460
0.97463
0.97467
0.97471
0.97474
0.97478
0.97482
0.97485
0.97489
0.97493
0.97496
0.97500
0.97504
0.97507
0.97511
0.97515
0.97519
0.97523
0.97526
0.97530
0.97534
0.97538
0.97542
0.97546
0.97549
0.97553
0.97557
0.97561
0.97565
0.97569
0.97573
0.97577
0.97581
0.97585
0.97589
0.97593
0.97597
0.97601
0.97605
0.97609
0.97613
0.97617
0.97621
0.97625
0.97629
0.97633
0.97637
0.97641
0.97646
0.97650
0.97654
0.97658
0.97662
0.97666
0.97671
0.97675
0.97679
0.97683
0.97688
0.97692
0.97696
0.97700
0.97705
0.97709
0.97713
0.97718
0.97722
0.97726
0.97731
0.97735
0.97739
0.97744
0.97748
0.97752
0.97757
0.97761
0.97766
0.97770
0.97774
0.97779
0.97783
0.97788
0.97792
0.97797
0.97801
0.97806
0.97810
0.97815
0.97819
0.97824
0.97828
0.97833
0.97837
0.97842
0.97847
0.97851
0.97856
0.97860
0.97865
0.97870
0.97874
0.97879
0.97884
0.97888
0.97893
