0.00000
0.00000
0.00018
0.00054
0.00107
0.00177
0.00264
0.00368
0.00487
0.00623
0.00774
0.00939
0.01120
0.01315
0.01524
0.01748
0.01984
0.02234
0.02497
0.02772
0.03060
0.03360
0.03672
0.03996
0.04330
0.04676
0.05032
0.05400
0.05777
0.06164
0.06561
0.06968
0.07384
0.07809
0.08243
0.08685
0.09136
0.09595
0.10063
0.10538
0.11020
0.11510
0.12007
0.12511
0.13022
0.13539
0.14063
0.14593
0.15129
0.15670
0.16218
0.16771
0.17329
0.17893
0.18461
0.19034
0.19612
0.20195
0.20782
0.21373
0.21968
0.22567
0.23170
0.23776
0.24386
0.25000
0.25616
0.26236
0.26858
0.27484
0.28112
0.28742
0.29375
0.30011
0.30648
0.31288
0.31929
0.32573
0.33218
0.33865
0.34513
0.35163
0.35814
0.36467
0.37120
0.37775
0.38430
0.39086
0.39743
0.40401
0.41059
0.41718
0.42377
0.43036
0.43695
0.44355
0.45014
0.45674
0.46333
0.46993
0.47652
0.48310
0.48968
0.49626
0.50283
0.50940
0.51596
0.52251
0.52905
0.53558
0.54210
0.54862
0.55512
0.56161
0.56809
0.57455
0.58101
0.58745
0.59387
0.60028
0.60667
0.61305
0.61942
0.62576
0.63209
0.63840
0.64469
0.65097
0.65722
0.66345
0.66967
0.67586
0.68204
0.68819
0.69432
0.70043
0.70651
0.71258
0.71862
0.72463
0.73063
0.73660
0.74254
0.74846
0.75436
0.76022
0.76607
0.77189
0.77768
0.78344
0.78918
0.79489
0.80058
0.80623
0.81186
0.81746
0.82303
0.82858
0.83409
0.83958
0.84503
0.85046
0.85586
0.86123
0.86657
0.87187
0.87715
0.88240
0.88762
0.89280
0.89796
0.90309
0.90818
0.91324
0.91827
0.92327
0.92824
0.93318
0.93808
0.94295
0.94779
0.95260
0.95738
0.96212
0.96683
0.97151
0.97615
0.98077
0.98535
0.98989
0.99441
0.99889
1.00334
1.00776
1.01214
1.01649
1.02081
1.02509
1.02934
1.03356
1.03774
1.04189
1.04601
1.05009
1.05414
1.05816
1.06214
1.06609
1.07001
1.07389
1.07774
1.08156
1.08535
1.08910
1.09281
1.09650
1.10015
1.10377
1.10735
1.11090
1.11442
1.11791
1.12136
1.12478
1.12816
1.13152
1.13484
1.13813
1.14138
1.14460
1.14779
1.15095
1.15408
1.15717
1.16023
1.16326
1.16625
1.16921
1.17214
1.17504
1.17791
1.18075
1.18355
1.18632
1.18906
1.19177
1.19445
1.19709
1.19971
1.20229
1.20484
1.20736
1.20985
1.21231
1.21474
1.21714
1.21951
1.22184
1.22415
1.22643
1.22867
1.23089
1.23307
1.23523
1.23736
1.23946
1.24152
1.24356
1.24557
1.24755
1.24950
1.25143
1.25332
1.25518
1.25702
1.25883
1.26061
1.26236
1.26408
1.26578
1.26745
1.26909
1.27070
1.27229
1.27384
1.27538
1.27688
1.27836
1.27981
1.28123
1.28263
1.28400
1.28534
1.28666
1.28796
1.28922
1.29046
1.29168
1.29287
1.29404
1.29518
1.29629
1.29738
1.29845
1.29949
1.30050
1.30150
1.30246
1.30341
1.30433
1.30522
1.30610
1.30695
1.30777
1.30858
1.30936
1.31011
1.31085
1.31156
1.31225
1.31291
1.31356
1.31418
1.31478
1.31536
1.31592
1.31646
1.31697
1.31747
1.31794
1.31839
1.31882
1.31923
1.31962
1.31999
1.32034
1.32067
1.32098
1.32127
1.32155
1.32180
1.32203
1.32224
1.32244
1.32261
1.32277
1.32291
1.32303
1.32313
1.32321
1.32328
1.32332
1.32335
1.32337
1.32336
1.32334
1.32330
1.32324
1.32317
1.32308
1.32298
1.32285
1.32271
1.32256
1.32239
1.32220
1.32200
1.32178
1.32155
1.32130
1.32104
1.32076
1.32046
1.32016
1.31983
1.31949
1.31914
1.31878
1.31840
1.31800
1.31760
1.31718
1.31674
1.31629
1.31583
1.31536
1.31487
1.31437
1.31386
1.31333
1.31280
1.31225
1.31169
1.31111
1.31053
1.30993
1.30932
1.30870
1.30807
1.30743
1.30677
1.30611
1.30543
1.30474
1.30405
1.30334
1.30262
1.30189
1.30115
1.30041
1.29965
1.29888
1.29810
1.29731
1.29652
1.29571
1.29490
1.29407
1.29324
1.29240
1.29155
1.29069
1.28983
1.28895
1.28807
1.28718
1.28628
1.28537
1.28445
1.28353
1.28260
1.28167
1.28072
1.27977
1.27881
1.27785
1.27687
1.27589
1.27491
1.27392
1.27292
1.27191
1.27090
1.26989
1.26886
1.26783
1.26680
1.26576
1.26471
1.26366
1.26261
1.26155
1.26048
1.25941
1.25833
1.25725
1.25616
1.25507
1.25398
1.25288
1.25177
1.25067
1.24955
1.24844
1.24732
1.24619
1.24507
1.24393
1.24280
1.24166
1.24052
1.23937
1.23822
1.23707
1.23592
1.23476
1.23360
1.23244
1.23127
1.23010
1.22893
1.22776
1.22658
1.22540
1.22422
1.22304
1.22186
1.22067
1.21948
1.21829
1.21710
1.21591
1.21471
1.21352
1.21232
1.21112
1.20992
1.20872
1.20752
1.20631
1.20511
1.20390
1.20270
1.20149
1.20028
1.19908
1.19787
1.19666
1.19545
1.19424
1.19303
1.19182
1.19061
1.18940
1.18819
1.18698
1.18577
1.18456
1.18335
1.18214
1.18094
1.17973
1.17852
1.17732
1.17611
1.17490
1.17370
1.17250
1.17129
1.17009
1.16889
1.16769
1.16649
1.16530
1.16410
1.16290
1.16171
1.16052
1.15933
1.15814
1.15695
1.15577
1.15458
1.15340
1.15222
1.15104
1.14986
1.14869
1.14751
1.14634
1.14517
1.14401
1.14284
1.14168
1.14052
1.13936
1.13820
1.13705
1.13590
1.13475
1.13360
1.13246
1.13132
1.13018
1.12905
1.12791
1.12678
1.12565
1.12453
1.12341
1.12229
1.12117
1.12006
1.11895
1.11784
1.11674
1.11563
1.11454
1.11344
1.11235
1.11126
1.11018
1.10909
1.10801
1.10694
1.10587
1.10480
1.10373
1.10267
1.10161
1.10056
1.09951
1.09846
1.09742
1.09638
1.09534
1.09431
1.09328
1.09225
1.09123
1.09021
1.08920
1.08819
1.08718
1.08618
1.08518
1.08418
1.08319
1.08220
1.08122
1.08024
1.07927
1.07829
1.07733
1.07636
1.07541
1.07445
1.07350
1.07255
1.07161
1.07067
1.06974
1.06881
1.06788
1.06696
1.06604
1.06513
1.06422
1.06332
1.06242
1.06152
1.06063
1.05974
1.05886
1.05798
1.05710
1.05623
1.05537
1.05451
1.05365
1.05280
1.05195
1.05111
1.05027
1.04943
1.04860
1.04778
1.04695
1.04614
1.04532
1.04452
1.04371
1.04291
1.04212
1.04133
1.04054
1.03976
1.03899
1.03821
1.03745
1.03668
1.03592
1.03517
1.03442
1.03368
1.03294
1.03220
1.03147
1.03074
1.03002
1.02930
1.02859
1.02788
1.02718
1.02648
1.02578
1.02509
1.02441
1.02372
1.02305
1.02238
1.02171
1.02104
1.02039
1.01973
1.01908
1.01844
1.01780
1.01716
1.01653
1.01590
1.01528
1.01466
1.01405
1.01344
1.01283
1.01223
1.01164
1.01105
1.01046
1.00988
1.00930
1.00872
1.00816
1.00759
1.00703
1.00647
1.00592
1.00538
1.00483
1.00430
1.00376
1.00323
1.00271
1.00219
1.00167
1.00116
1.00065
1.00014
0.99965
0.99915
0.99866
0.99817
0.99769
0.99721
0.99674
0.99627
0.99580
0.99534
0.99489
0.99443
0.99399
0.99354
0.99310
0.99266
0.99223
0.99180
0.99138
0.99096
0.99055
0.99013
0.98973
0.98932
0.98892
0.98853
0.98814
0.98775
0.98737
0.98699
0.98661
0.98624
0.98587
0.98551
0.98515
0.98479
0.98444
0.98409
0.98375
0.98341
0.98307
0.98274
0.98241
0.98208
0.98176
0.98145
0.98113
0.98082
0.98051
0.98021
0.97991
0.97962
0.97932
0.97904
0.97875
0.97847
0.97819
0.97792
0.97765
0.97738
0.97712
0.97686
0.97660
0.97635
0.97610
0.97585
0.97561
0.97537
0.97513
0.97490
0.97467
0.97445
0.97422
0.97400
0.97379
0.97358
0.97337
0.97316
0.97296
0.97276
0.97256
0.97237
0.97218
0.97199
0.97181
0.97163
0.97145
0.97127
0.97110
0.97093
0.97077
0.97061
0.97045
0.97029
0.97014
0.96999
0.96984
0.96969
0.96955
0.96941
0.96928
0.96914
0.96901
0.96888
0.96876
0.96864
0.96852
0.96840
0.96829
0.96818
0.96807
0.96796
0.96786
0.96776
0.96766
0.96756
0.96747
0.96738
0.96729
0.96721
0.96712
0.96704
0.96697
0.96689
0.96682
0.96675
0.96668
0.96662
0.96655
0.96649
0.96643
0.96638
0.96632
0.96627
0.96622
0.96618
0.96613
0.96609
0.96605
0.96601
0.96597
0.96594
0.96591
0.96588
0.96585
0.96583
0.96580
0.96578
0.96576
0.96575
0.96573
0.96572
0.96571
0.96570
0.96569
0.96569
0.96568
0.96568
0.96568
0.96568
0.96569
0.96569
0.96570
0.96571
0.96572
0.96574
0.96575
0.96577
0.96579
0.96581
0.96583
0.96585
0.96588
0.96590
0.96593
0.96596
0.96599
0.96603
0.96606
0.96610
0.96614
0.96618
0.96622
0.96626
0.96630
0.96635
0.96640
0.96644
0.96649
0.96654
0.96660
0.96665
0.96671
0.96676
0.96682
0.96688
0.96694
0.96700
0.96706
0.96713
0.96719
0.96726
0.96733
0.96740
0.96747
0.96754
0.96761
0.96769
0.96776
0.96784
0.96791
0.96799
0.96807
0.96815
0.96823
0.96832
0.96840
0.96848
0.96857
0.96866
0.96874
0.96883
0.96892
0.96901
0.96910
0.96920
0.96929
0.96938
0.96948
0.96957
0.96967
0.96977
0.96986
0.96996
0.97006
0.97016
0.97026
0.97037
0.97047
0.97057
0.97068
0.97078
0.97089
0.97099
0.97110
0.97121
0.97132
0.97143
0.97153
0.97164
0.97176
0.97187
0.97198
0.97209
0.97220
0.97232
0.97243
0.97255
0.97266
0.97278
0.97289
0.97301
0.97313
0.97325
0.97336
0.97348
0.97360
0.97372
0.97384
0.97396
0.97408
0.97420
0.97432
0.97444
0.97457
0.97469
0.97481
0.97493
0.97506
0.97518
0.97531
0.97543
0.97555
0.97568
0.97580
0.97593
0.97605
0.97618
0.97631
0.97643
0.97656
0.97669
0.97681
0.97694
0.97707
0.97719
0.97732
0.97745
0.97758
0.97770
0.97783
0.97796
0.97809
0.97822
0.97835
0.97847
0.97860
0.97873
0.97886
0.97899
0.97912
0.97925
0.97938
0.97950
0.97963
0.97976
0.97989
0.98002
0.98015
0.98028
0.98041
0.98053
0.98066
0.98079
0.98092
0.98105
0.98118
0.98131
0.98144
0.98156
0.98169
0.98182
0.98195
0.98208
0.98220
0.98233
0.98246
0.98259
0.98271
0.98284
0.98297
0.98309
0.98322
0.98335
0.98347
0.98360
0.98373
0.98385
0.98398
0.98410
0.98423
0.98435
0.98448
0.98460
0.98473
0.98485
0.98497
0.98510
0.98522
0.98534
0.98547
0.98559
0.98571
0.98583
0.98596
0.98608
0.98620
0.98632
0.98644
0.98656
0.98668
0.98680
0.98692
0.98704
0.98716
0.98728
0.98739
0.98751
0.98763
0.98775
0.98786
0.98798
0.98810
0.98821
0.98833
0.98844
0.98856
0.98867
0.98879
0.98890
0.98901
0.98913
0.98924
0.98935
0.98946
0.98957
0.98969
0.98980
0.98991
0.99002
0.99013
0.99023
0.99034
0.99045
0.99056
0.99067
0.99077
0.99088
0.99099
0.99109
0.99120
0.99130
0.99141
0.99151
0.99162
0.99172
0.99182
0.99192
0.99203
0.99213
0.99223
0.99233
0.99243
0.99253
0.99263
0.99273
0.99283
0.99292
0.99302
0.99312
0.99322
0.99331
0.99341
0.99350
0.99360
0.99369
0.99379
0.99388
0.99397
0.99407
0.99416
0.99425
0.99434
0.99443
0.99452
0.99461
0.99470
0.99479
0.99488
0.99496
0.99505
0.99514
0.99523
0.99531
0.99540
0.99548
0.99557
0.99565
0.99573
0.99582
0.99590
0.99598
0.99606
0.99614
0.99622
0.99630
0.99638
0.99646
0.99654
0.99662
0.99670
0.99677
0.99685
0.99693
0.99700
0.99708
0.99715
0.99723
0.99730
0.99737
0.99745
0.99752
0.99759
0.99766
0.99773
0.99780
0.99787
0.99794
0.99801
0.99808
0.99815
0.99822
0.99828
0.99835
0.99842
0.99848
0.99855
0.99861
0.99868
0.99874
0.99880
0.99887
0.99893
0.99899
0.99905
0.99911
0.99917
0.99923
0.99929
0.99935
0.99941
0.99947
0.99953
0.99958
0.99964
0.99970
0.99975
0.99981
0.99986
0.99992
0.99997
1.00002
1.00008
1.00013
1.00018
1.00023
1.00028
1.00033
1.00038
1.00043
1.00048
1.00053
1.00058
1.00063
1.00068
1.00072
1.00077
1.00082
1.00086
1.00091
1.00095
1.00100
1.00104
1.00108
1.00113
1.00117
1.00121
1.00125
1.00130
1.00134
1.00138
1.00142
1.00146
1.00150
1.00154
1.00157
1.00161
1.00165
1.00169
1.00172
1.00176
1.00180
1.00183
1.00187
1.00190
1.00194
1.00197
1.00200
1.00204
1.00207
1.00210
1.00213
1.00217
1.00220
1.00223
1.00226
1.00229
1.00232
1.00235
1.00238
1.00241
1.00243
1.00246
1.00249
1.00252
1.00254
1.00257
1.00260
1.00262
1.00265
1.00267
1.00270
1.00272
1.00274
1.00277
1.00279
1.00281
1.00284
1.00286
1.00288
1.00290
1.00292
1.00294
1.00296
1.00298
1.00300
1.00302
1.00304
1.00306
1.00308
1.00310
1.00311
1.00313
1.00315
1.00317
1.00318
1.00320
1.00321
1.00323
1.00325
1.00326
1.00327
1.00329
1.00330
1.00332
1.00333
1.00334
1.00336
1.00337
1.00338
1.00339
1.00340
1.00342
1.00343
1.00344
1.00345
1.00346
1.00347
1.00348
1.00349
1.00350
1.00351
1.00351
1.00352
1.00353
1.00354
1.00355
1.00355
1.00356
1.00357
1.00357
1.00358
1.00359
1.00359
1.00360
1.00360
1.00361
1.00361
1.00362
1.00362
1.00363
1.00363
1.00363
1.00364
1.00364
1.00364
1.00365
1.00365
1.00365
1.00365
1.00366
1.00366
1.00366
1.00366
1.00366
1.00366
1.00366
1.00366
1.00366
1.00366
1.00366
1.00366
1.00366
1.00366
1.00366
1.00366
1.00366
1.00366
1.00365
1.00365
1.00365
1.00365
1.00365
1.00364
1.00364
1.00364
1.00363
1.00363
1.00363
1.00362
1.00362
1.00362
1.00361
1.00361
1.00360
1.00360
1.00359
1.00359
1.00358
1.00358
1.00357
1.00357
1.00356
1.00356
1.00355
1.00354
1.00354
1.00353
1.00352
1.00352
1.00351
1.00350
1.00350
1.00349
1.00348
1.00347
1.00347
1.00346
1.00345
1.00344
1.00343
1.00343
1.00342
1.00341
1.00340
1.00339
1.00338
1.00338
1.00337
1.00336
1.00335
1.00334
1.00333
1.00332
1.00331
1.00330
1.00329
1.00328
1.00327
1.00326
1.00325
1.00324
1.00323
1.00322
1.00321
1.00320
1.00319
1.00318
1.00317
1.00315
1.00314
1.00313
1.00312
1.00311
1.00310
1.00309
1.00308
1.00306
1.00305
1.00304
1.00303
1.00302
1.00301
1.00299
1.00298
1.00297
1.00296
1.00295
1.00293
1.00292
1.00291
1.00290
1.00288
1.00287
1.00286
1.00285
1.00283
1.00282
1.00281
1.00280
1.00278
1.00277
1.00276
1.00274
1.00273
1.00272
1.00271
1.00269
1.00268
1.00267
1.00265
1.00264
1.00263
1.00261
1.00260
1.00259
1.00257
1.00256
1.00255
1.00253
1.00252
1.00251
1.00249
1.00248
1.00247
1.00245
1.00244
1.00242
1.00241
1.00240
1.00238
1.00237
1.00236
1.00234
1.00233
1.00232
1.00230
1.00229
1.00227
1.00226
1.00225
1.00223
1.00222
1.00221
1.00219
1.00218
1.00216
1.00215
1.00214
1.00212
1.00211
1.00210
1.00208
1.00207
1.00205
1.00204
1.00203
1.00201
1.00200
1.00199
1.00197
1.00196
1.00194
1.00193
1.00192
1.00190
1.00189
1.00188
1.00186
1.00185
1.00184
1.00182
1.00181
1.00179
1.00178
1.00177
1.00175
1.00174
1.00173
1.00171
1.00170
1.00169
1.00167
1.00166
1.00165
1.00163
1.00162
1.00161
1.00159
1.00158
1.00157
1.00155
1.00154
1.00153
1.00152
1.00150
1.00149
1.00148
1.00146
1.00145
1.00144
1.00143
1.00141
1.00140
1.00139
1.00137
1.00136
1.00135
1.00134
1.00132
1.00131
1.00130
1.00129
1.00127
1.00126
1.00125
1.00124
1.00122
1.00121
1.00120
1.00119
1.00118
1.00116
1.00115
1.00114
1.00113
1.00112
1.00110
1.00109
1.00108
1.00107
1.00106
1.00105
1.00103
1.00102
1.00101
1.00100
1.00099
1.00098
1.00097
1.00095
1.00094
1.00093
1.00092
1.00091
1.00090
1.00089
1.00088
1.00087
1.00085
1.00084
1.00083
1.00082
1.00081
1.00080
1.00079
1.00078
1.00077
1.00076
1.00075
1.00074
1.00073
1.00072
1.00071
1.00070
1.00069
1.00068
1.00067
1.00066
1.00065
1.00064
1.00063
1.00062
1.00061
1.00060
1.00059
1.00058
1.00057
1.00056
1.00055
1.00054
1.00053
1.00052
1.00051
1.00050
1.00049
1.00048
1.00048
1.00047
1.00046
1.00045
1.00044
1.00043
1.00042
1.00041
1.00041
1.00040
1.00039
1.00038
1.00037
1.00036
1.00035
1.00035
1.00034
1.00033
1.00032
1.00031
1.00031
1.00030
1.00029
1.00028
1.00027
1.00027
1.00026
1.00025
1.00024
1.00024
1.00023
1.00022
1.00021
1.00021
1.00020
1.00019
1.00019
1.00018
1.00017
1.00016
1.00016
1.00015
1.00014
1.00014
1.00013
1.00012
1.00012
1.00011
1.00010
1.00010
1.00009
1.00008
1.00008
1.00007
1.00006
1.00006
1.00005
1.00005
1.00004
1.00003
1.00003
1.00002
1.00002
1.00001
1.00000
1.00000
0.99999
0.99999
0.99998
0.99998
0.99997
0.99997
0.99996
0.99996
0.99995
0.99994
0.99994
0.99993
0.99993
0.99992
0.99992
0.99991
0.99991
0.99990
0.99990
0.99990
0.99989
0.99989
0.99988
0.99988
0.99987
0.99987
0.99986
0.99986
0.99985
0.99985
0.99985
0.99984
0.99984
0.99983
0.99983
0.99983
0.99982
0.99982
0.99981
0.99981
0.99981
0.99980
0.99980
0.99979
0.99979
0.99979
0.99978
0.99978
0.99978
0.99977
0.99977
0.99977
0.99976
0.99976
0.99976
0.99975
0.99975
0.99975
0.99974
0.99974
0.99974
0.99974
0.99973
0.99973
0.99973
0.99972
0.99972
0.99972
0.99972
0.99971
0.99971
0.99971
0.99971
0.99970
0.99970
0.99970
0.99970
0.99969
0.99969
0.99969
0.99969
0.99968
0.99968
0.99968
0.99968
0.99968
0.99967
0.99967
0.99967
0.99967
0.99967
0.99966
0.99966
0.99966
0.99966
0.99966
0.99966
0.99965
0.99965
0.99965
0.99965
0.99965
0.99965
0.99964
0.99964
0.99964
0.99964
0.99964
0.99964
0.99964
0.99964
0.99963
0.99963
0.99963
0.99963
0.99963
0.99963
0.99963
0.99963
0.99963
0.99963
0.99962
0.99962
0.99962
0.99962
0.99962
0.99962
0.99962
0.99962
0.99962
0.99962
0.99962
0.99962
0.99962
0.99962
0.99961
0.99961
0.99961
0.99961
0.99961
0.99961
0.99961
0.99961
0.99961
0.99961
0.99961
0.99961
0.99961
0.99961
0.99961
0.99961
0.99961
0.99961
0.99961
0.99961
0.99961
0.99961
0.99961
0.99961
0.99961
0.99961
0.99961
0.99961
0.99961
0.99961
0.99961
0.99961
0.99961
0.99961
0.99961
0.99961
0.99961
0.99961
0.99961
0.99961
0.99961
0.99961
0.99961
0.99961
0.99961
0.99961
0.99961
0.99962
0.99962
0.99962
0.99962
0.99962
0.99962
0.99962
0.99962
0.99962
0.99962
0.99962
0.99962
0.99962
0.99962
0.99962
0.99962
0.99963
0.99963
0.99963
0.99963
0.99963
0.99963
0.99963
0.99963
0.99963
0.99963
0.99963
0.99963
0.99963
0.99964
0.99964
0.99964
0.99964
0.99964
0.99964
0.99964
0.99964
0.99964
0.99964
0.99965
0.99965
0.99965
0.99965
0.99965
0.99965
0.99965
0.99965
0.99965
0.99965
0.99966
0.99966
0.99966
0.99966
0.99966
0.99966
0.99966
0.99966
0.99967
0.99967
0.99967
0.99967
0.99967
0.99967
0.99967
0.99967
0.99968
0.99968
0.99968
0.99968
0.99968
0.99968
0.99968
0.99968
0.99969
0.99969
0.99969
0.99969
0.99969
0.99969
0.99969
0.99969
0.99970
0.99970
0.99970
0.99970
0.99970
0.99970
0.99970
0.99971
0.99971
0.99971
0.99971
0.99971
0.99971
0.99971
0.99972
0.99972
0.99972
0.99972
0.99972
0.99972
0.99972
0.99972
0.99973
0.99973
0.99973
0.99973
0.99973
0.99973
0.99974
0.99974
0.99974
0.99974
0.99974
0.99974
0.99974
0.99975
0.99975
0.99975
0.99975
0.99975
0.99975
0.99975
0.99976
0.99976
0.99976
0.99976
0.99976
0.99976
0.99976
0.99977
0.99977
0.99977
0.99977
0.99977
0.99977
0.99977
0.99978
0.99978
0.99978
0.99978
0.99978
0.99978
0.99978
0.99979
0.99979
0.99979
0.99979
0.99979
0.99979
0.99979
0.99980
0.99980
0.99980
0.99980
0.99980
0.99980
0.99981
0.99981
0.99981
0.99981
0.99981
0.99981
0.99981
0.99982
0.99982
0.99982
0.99982
0.99982
0.99982
0.99982
0.99983
0.99983
0.99983
0.99983
0.99983
0.99983
0.99983
0.99984
0.99984
0.99984
0.99984
0.99984
0.99984
0.99984
0.99984
0.99985
0.99985
0.99985
0.99985
0.99985
0.99985
0.99985
0.99986
0.99986
0.99986
0.99986
0.99986
0.99986
0.99986
0.99986
0.99987
0.99987
0.99987
0.99987
0.99987
0.99987
0.99987
0.99988
0.99988
0.99988
0.99988
0.99988
0.99988
0.99988
0.99988
0.99989
0.99989
0.99989
0.99989
0.99989
0.99989
0.99989
0.99989
0.99990
0.99990
0.99990
0.99990
0.99990
0.99990
0.99990
0.99990
0.99990
0.99991
0.99991
0.99991
0.99991
0.99991
0.99991
0.99991
0.99991
0.99992
0.99992
0.99992
0.99992
0.99992
0.99992
0.99992
0.99992
0.99992
0.99993
0.99993
0.99993
0.99993
0.99993
0.99993
0.99993
0.99993
0.99993
0.99993
0.99994
0.99994
0.99994
0.99994
0.99994
0.99994
0.99994
0.99994
0.99994
0.99995
0.99995
0.99995
0.99995
0.99995
0.99995
0.99995
0.99995
0.99995
0.99995
0.99995
0.99996
0.99996
0.99996
0.99996
0.99996
0.99996
0.99996
0.99996
0.99996
0.99996
0.99996
0.99997
0.99997
0.99997
0.99997
0.99997
0.99997
0.99997
0.99997
0.99997
0.99997
0.99997
0.99997
0.99998
0.99998
0.99998
0.99998
0.99998
0.99998
0.99998
0.99998
0.99998
0.99998
0.99998
0.99998
0.99998
0.99999
0.99999
0.99999
0.99999
0.99999
0.99999
0.99999
0.99999
0.99999
0.99999
0.99999
0.99999
0.99999
0.99999
0.99999
1.00000
1.00000
1.00000
1.00000
1.00000
1.00000
1.00000
1.00000
1.00000
1.00000
1.00000
1.00000
1.00000
1.00000
1.00000
1.00000
1.00001
1.00001
1.00001
1.00001
1.00001
1.00001
1.00001
1.00001
1.00001
1.00001
1.00001
1.00001
1.00001
1.00001
1.00001
1.00001
1.00001
1.00001
1.00001
1.00001
1.00002
1.00002
1.00002
1.00002
1.00002
1.00002
1.00002
1.00002
1.00002
1.00002
1.00002
1.00002
1.00002
1.00002
1.00002
1.00002
1.00002
1.00002
1.00002
1.00002
1.00002
1.00002
1.00002
1.00002
1.00003
1.00003
1.00003
1.00003
1.00003
1.00003
1.00003
1.00003
1.00003
1.00003
1.00003
1.00003
1.00003
1.00003
1.00003
1.00003
1.00003
1.00003
1.00003
1.00003
1.00003
1.00003
1.00003
1.00003
1.00003
1.00003
1.00003
1.00003
1.00003
1.00003
1.00003
1.00003
1.00003
1.00003
1.00003
1.00003
1.00004
1.00004
1.00004
1.00004
1.00004
1.00004
1.00004
1.00004
1.00004
1.00004
1.00004
1.00004
1.00004
1.00004
1.00004
1.00004
1.00004
1.00004
1.00004
1.00004
1.00004
1.00004
1.00004
1.00004
1.00004
1.00004
1.00004
1.00004
1.00004
1.00004
1.00004
1.00004
1.00004
1.00004
1.00004
1.00004
1.00004
1.00004
1.00004
1.00004
1.00004
1.00004
1.00004
1.00004
1.00004
1.00004
1.00004
1.00004
1.00004
1.00004
1.00004
1.00004
1.00004
1.00004
1.00004
1.00004
1.00004
1.00004
1.00004
1.00004
1.00004
1.00004
1.00004
1.00004
1.00004
1.00004
1.00004
1.00004
1.00004
1.00004
1.00004
1.00004
1.00004
1.00004
1.00004
1.00004
1.00004
1.00004
1.00004
1.00004
1.00004
1.00004
1.00004
1.00004
1.00004
1.00004
1.00004
1.00004
1.00004
1.00004
1.00004
1.00004
1.00004
1.00004
1.00004
1.00004
1.00004
1.00004
1.00004
1.00004
1.00004
1.00004
1.00004
1.00004
1.00004
1.00004
1.00004
1.00004
1.00004
1.00004
1.00004
1.00004
1.00004
1.00004
1.00004
1.00004
1.00004
1.00004
1.00004
1.00004
1.00004
1.00004
1.00004
1.00004
1.00004
1.00004
1.00004
1.00004
1.00004
1.00004
1.00004
1.00004
1.00004
1.00004
1.00004
1.00004
1.00004
1.00004
1.00004
1.00004
1.00004
1.00004
1.00004
1.00004
1.00004
1.00004
1.00004
1.00004
1.00004
1.00004
1.00004
1.00004
1.00004
1.00004
1.00004
1.00004
1.00004
1.00003
1.00003
1.00003
1.00003
1.00003
1.00003
1.00003
1.00003
1.00003
1.00003
1.00003
1.00003
1.00003
1.00003
1.00003
1.00003
1.00003
1.00003
1.00003
1.00003
1.00003
1.00003
1.00003
1.00003
1.00003
1.00003
1.00003
1.00003
1.00003
1.00003
1.00003
1.00003
1.00003
1.00003
1.00003
1.00003
1.00003
1.00003
1.00003
1.00003
1.00003
1.00003
1.00003
1.00003
1.00003
1.00003
1.00003
1.00003
1.00003
1.00003
1.00003
1.00003
1.00003
1.00003
1.00003
1.00003
1.00003
1.00003
1.00003
1.00003
1.00003
1.00003
1.00003
1.00003
1.00003
1.00003
1.00003
1.00003
1.00002
1.00002
1.00002
1.00002
1.00002
1.00002
1.00002
1.00002
1.00002
1.00002
1.00002
1.00002
1.00002
1.00002
1.00002
1.00002
1.00002
1.00002
1.00002
1.00002
1.00002
1.00002
1.00002
1.00002
1.00002
1.00002
1.00002
1.00002
1.00002
1.00002
1.00002
1.00002
1.00002
1.00002
1.00002
1.00002
1.00002
1.00002
1.00002
1.00002
1.00002
1.00002
1.00002
1.00002
1.00002
1.00002
1.00002
1.00002
1.00002
1.00002
1.00002
1.00002
1.00002
1.00002
1.00002
1.00002
1.00002
1.00002
1.00002
1.00002
1.00002
1.00002
1.00002
1.00002
1.00002
1.00002
1.00001
1.00001
1.00001
1.00001
1.00001
1.00001
1.00001
1.00001
1.00001
1.00001
1.00001
1.00001
1.00001
1.00001
1.00001
1.00001
1.00001
1.00001
1.00001
1.00001
1.00001
1.00001
1.00001
1.00001
1.00001
1.00001
1.00001
1.00001
1.00001
1.00001
1.00001
1.00001
1.00001
1.00001
1.00001
1.00001
1.00001
1.00001
1.00001
1.00001
1.00001
1.00001
1.00001
1.00001
1.00001
1.00001
1.00001
1.00001
1.00001
1.00001
1.00001
1.00001
1.00001
1.00001
1.00001
1.00001
1.00001
1.00001
1.00001
1.00001
1.00001
1.00001
1.00001
1.00001
1.00001
1.00001
1.00001
1.00001
1.00001
1.00001
1.00001
1.00001
1.00001
1.00001
1.00001
1.00001
1.00001
1.00001
1.00001
1.00001
1.00001
1.00000
1.00000
1.00000
1.00000
1.00000
1.00000
1.00000
1.00000
1.00000
1.00000
1.00000
1.00000
1.00000
1.00000
1.00000
1.00000
1.00000
1.00000
1.00000
1.00000
1.00000
1.00000
1.00000
1.00000
1.00000
1.00000
1.00000
1.00000
1.00000
1.00000
1.00000
1.00000
1.00000
1.00000
1.00000
1.00000
1.00000
1.00000
1.00000
1.00000
1.00000
1.00000
1.00000
1.00000
1.00000
1.00000
1.00000
1.00000
1.00000
1.00000
1.00000
1.00000
1.00000
1.00000
1.00000
1.00000
1.00000
1.00000
1.00000
1.00000
1.00000
1.00000
1.00000
1.00000
1.00000
1.00000
1.00000
1.00000
1.00000
1.00000
1.00000
1.00000
1.00000
1.00000
1.00000
1.00000
1.00000
1.00000
1.00000
1.00000
1.00000
1.00000
1.00000
1.00000
1.00000
1.00000
1.00000
1.00000
1.00000
1.00000
1.00000
1.00000
1.00000
1.00000
1.00000
1.00000
1.00000
1.00000
1.00000
1.00000
1.00000
1.00000
1.00000
1.00000
1.00000
1.00000
1.00000
1.00000
1.00000
1.00000
1.00000
1.00000
1.00000
1.00000
1.00000
1.00000
1.00000
1.00000
1.00000
1.00000
1.00000
1.00000
1.00000
1.00000
1.00000
1.00000
1.00000
1.00000
1.00000
1.00000
1.00000
1.00000
1.00000
1.00000
1.00000
1.00000
1.00000
1.00000
1.00000
1.00000
1.00000
1.00000
1.00000
1.00000
1.00000
1.00000
1.00000
1.00000
1.00000
1.00000
1.00000
1.00000
1.00000
1.00000
1.00000
1.00000
1.00000
1.00000
1.00000
1.00000
1.00000
1.00000
1.00000
1.00000
1.00000
1.00000
1.00000
1.00000
1.00000
1.00000
1.00000
1.00000
1.00000
1.00000
1.00000
1.00000
1.00000
1.00000
1.00000
1.00000
1.00000
1.00000
1.00000
1.00000
1.00000
1.00000
1.00000
1.00000
1.00000
1.00000
1.00000
1.00000
1.00000
1.00000
1.00000
1.00000
1.00000
1.00000
1.00000
1.00000
1.00000
1.00000
1.00000
1.00000
1.00000
1.00000
1.00000
1.00000
1.00000
1.00000
1.00000
1.00000
1.00000
1.00000
1.00000
1.00000
1.00000
1.00000
1.00000
1.00000
1.00000
1.00000
1.00000
1.00000
1.00000
1.00000
1.00000
1.00000
1.00000
1.00000
1.00000
1.00000
1.00000
1.00000
1.00000
1.00000
1.00000
1.00000
1.00000
1.00000
1.00000
1.00000
1.00000
1.00000
1.00000
1.00000
1.00000
1.00000
1.00000
1.00000
1.00000
1.00000
1.00000
1.00000
1.00000
1.00000
1.00000
1.00000
1.00000
1.00000
1.00000
1.00000
1.00000
1.00000
1.00000
1.00000
1.00000
1.00000
1.00000
1.00000
1.00000
1.00000
1.00000
1.00000
1.00000
1.00000
1.00000
1.00000
1.00000
1.00000
1.00000
1.00000
1.00000
1.00000
1.00000
1.00000
1.00000
1.00000
1.00000
1.00000
1.00000
1.00000
1.00000
1.00000
1.00000
1.00000
1.00000
1.00000
1.00000
1.00000
1.00000
1.00000
1.00000
1.00000
1.00000
1.00000
1.00000
1.00000
1.00000
1.00000
1.00000
1.00000
1.00000
1.00000
1.00000
1.00000
1.00000
1.00000
1.00000
1.00000
1.00000
1.00000
1.00000
1.00000
1.00000
1.00000
1.00000
1.00000
1.00000
1.00000
1.00000
1.00000
1.00000
1.00000
1.00000
1.00000
1.00000
1.00000
1.00000
1.00000
1.00000
1.00000
1.00000
1.00000
1.00000
1.00000
1.00000
1.00000
1.00000
1.00000
1.00000
1.00000
1.00000
1.00000
1.00000
1.00000
1.00000
1.00000
1.00000
1.00000
1.00000
1.00000
1.00000
1.00000
1.00000
1.00000
1.00000
1.00000
1.00000
1.00000
1.00000
1.00000
1.00000
1.00000
1.00000
1.00000
1.00000
1.00000
1.00000
1.00000
1.00000
1.00000
1.00000
1.00000
1.00000
1.00000
1.00000
1.00000
1.00000
1.00000
1.00000
1.00000
1.00000
1.00000
1.00000
1.00000
1.00000
1.00000
1.00000
1.00000
1.00000
1.00000
1.00000
1.00000
1.00000
1.00000
1.00000
1.00000
1.00000
1.00000
1.00000
1.00000
1.00000
1.00000
1.00000
1.00000
1.00000
1.00000
1.00000
1.00000
1.00000
1.00000
1.00000
1.00000
1.00000
1.00000
1.00000
1.00000
1.00000
1.00000
1.00000
1.00000
1.00000
1.00000
1.00000
1.00000
1.00000
1.00000
1.00000
1.00000
1.00000
1.00000
1.00000
1.00000
1.00000
1.00000
1.00000
1.00000
1.00000
1.00000
1.00000
1.00000
1.00000
1.00000
1.00000
1.00000
1.00000
1.00000
1.00000
1.00000
1.00000
1.00000
1.00000
1.00000
1.00000
1.00000
1.00000
1.00000
1.00000
1.00000
1.00000
1.00000
1.00000
1.00000
1.00000
1.00000
1.00000
1.00000
1.00000
1.00000
1.00000
1.00000
1.00000
1.00000
1.00000
1.00000
1.00000
1.00000
1.00000
1.00000
1.00000
1.00000
1.00000
1.00000
1.00000
1.00000
1.00000
1.00000
1.00000
1.00000
1.00000
1.00000
1.00000
1.00000
1.00000
1.00000
1.00000
1.00000
1.00000
1.00000
1.00000
1.00000
1.00000
1.00000
1.00000
1.00000
1.00000
1.00000
1.00000
1.00000
1.00000
1.00000
1.00000
1.00000
1.00000
1.00000
1.00000
1.00000
1.00000
1.00000
1.00000
1.00000
1.00000
1.00000
1.00000
1.00000
1.00000
1.00000
1.00000
1.00000
1.00000
1.00000
1.00000
1.00000
1.00000
1.00000
1.00000
1.00000
1.00000
1.00000
1.00000
1.00000
1.00000
1.00000
1.00000
1.00000
1.00000
1.00000
1.00000
1.00000
1.00000
1.00000
1.00000
1.00000
1.00000
1.00000
1.00000
1.00000
1.00000
1.00000
1.00000
1.00000
1.00000
1.00000
1.00000
1.00000
1.00000
1.00000
1.00000
1.00000
1.00000
1.00000
1.00000
1.00000
1.00000
1.00000
1.00000
1.00000
1.00000
1.00000
1.00000
1.00000
1.00000
1.00000
1.00000
1.00000
1.00000
1.00000
1.00000
1.00000
1.00000
1.00000
1.00000
1.00000
1.00000
1.00000
1.00000
1.00000
1.00000
1.00000
1.00000
1.00000
1.00000
1.00000
1.00000
1.00000
1.00000
1.00000
1.00000
1.00000
1.00000
1.00000
1.00000
1.00000
1.00000
1.00000
1.00000
1.00000
1.00000
1.00000
1.00000
1.00000
1.00000
1.00000
1.00000
1.00000
1.00000
1.00000
1.00000
1.00000
1.00000
1.00000
1.00000
1.00000
1.00000
1.00000
1.00000
1.00000
1.00000
1.00000
1.00000
1.00000
1.00000
1.00000
1.00000
1.00000
1.00000
1.00000
1.00000
1.00000
1.00000
1.00000
1.00000
1.00000
1.00000
1.00000
1.00000
1.00000
1.00000
1.00000
1.00000
1.00000
1.00000
1.00000
1.00000
1.00000
1.00000
1.00000
1.00000
1.00000
1.00000
1.00000
1.00000
1.00000
1.00000
1.00000
1.00000
1.00000
1.00000
1.00000
1.00000
1.00000
1.00000
1.00000
1.00000
1.00000
1.00000
1.00000
1.00000
1.00000
1.00000
1.00000
1.00000
1.00000
1.00000
1.00000
1.00000
1.00000
1.00000
1.00000
1.00000
1.00000
1.00000
1.00000
1.00000
1.00000
1.00000
1.00000
1.00000
1.00000
1.00000
1.00000
1.00000
1.00000
1.00000
1.00000
1.00000
1.00000
1.00000
1.00000
1.00000
1.00000
1.00000
1.00000
1.00000
1.00000
1.00000
1.00000
1.00000
1.00000
1.00000
1.00000
1.00000
1.00000
1.00000
1.00000
1.00000
1.00000
1.00000
1.00000
1.00000
1.00000
1.00000
1.00000
1.00000
1.00000
1.00000
1.00000
1.00000
1.00000
1.00000
1.00000
1.00000
1.00000
1.00000
1.00000
1.00000
1.00000
1.00000
1.00000
1.00000
1.00000
1.00000
1.00000
1.00000
1.00000
1.00000
1.00000
1.00000
1.00000
1.00000
1.00000
1.00000
1.00000
1.00000
1.00000
1.00000
1.00000
1.00000
1.00000
1.00000
1.00000
1.00000
1.00000
1.00000
1.00000
1.00000
1.00000
1.00000
1.00000
1.00000
1.00000
1.00000
1.00000
1.00000
1.00000
1.00000
1.00000
1.00000
1.00000
1.00000
1.00000
1.00000
1.00000
1.00000
1.00000
1.00000
1.00000
1.00000
1.00000
1.00000
1.00000
1.00000
1.00000
1.00000
1.00000
1.00000
1.00000
1.00000
1.00000
1.00000
1.00000
1.00000
1.00000
1.00000
1.00000
1.00000
1.00000
1.00000
1.00000
1.00000
1.00000
1.00000
1.00000
1.00000
1.00000
1.00000
1.00000
1.00000
1.00000
1.00000
1.00000
1.00000
1.00000
1.00000
1.00000
1.00000
1.00000
1.00000
1.00000
1.00000
1.00000
1.00000
1.00000
1.00000
1.00000
1.00000
1.00000
1.00000
1.00000
1.00000
1.00000
1.00000
1.00000
1.00000
1.00000
1.00000
1.00000
1.00000
1.00000
1.00000
1.00000
1.00000
1.00000
1.00000
1.00000
1.00000
1.00000
1.00000
1.00000
1.00000
1.00000
1.00000
1.00000
1.00000
1.00000
1.00000
1.00000
1.00000
1.00000
1.00000
1.00000
1.00000
1.00000
1.00000
1.00000
1.00000
1.00000
1.00000
1.00000
1.00000
1.00000
1.00000
1.00000
1.00000
1.00000
1.00000
1.00000
1.00000
1.00000
1.00000
1.00000
1.00000
1.00000
1.00000
1.00000
1.00000
1.00000
1.00000
1.00000
1.00000
1.00000
1.00000
1.00000
1.00000
1.00000
1.00000
1.00000
1.00000
1.00000
1.00000
1.00000
1.00000
1.00000
1.00000
1.00000
1.00000
1.00000
1.00000
1.00000
1.00000
1.00000
1.00000
1.00000
1.00000
1.00000
1.00000
1.00000
1.00000
1.00000
1.00000
1.00000
1.00000
1.00000
1.00000
1.00000
1.00000
1.00000
1.00000
1.00000
1.00000
1.00000
1.00000
1.00000
1.00000
1.00000
1.00000
1.00000
1.00000
1.00000
1.00000
1.00000
1.00000
1.00000
1.00000
1.00000
1.00000
1.00000
1.00000
1.00000
1.00000
1.00000
1.00000
1.00000
1.00000
1.00000
1.00000
1.00000
1.00000
1.00000
1.00000
1.00000
1.00000
1.00000
1.00000
1.00000
1.00000
1.00000
1.00000
1.00000
1.00000
1.00000
1.00000
1.00000
1.00000
1.00000
1.00000
1.00000
1.00000
1.00000
1.00000
1.00000
1.00000
1.00000
1.00000
1.00000
1.00000
1.00000
1.00000
1.00000
1.00000
1.00000
1.00000
1.00000
1.00000
1.00000
1.00000
1.00000
1.00000
1.00000
1.00000
1.00000
1.00000
1.00000
1.00000
1.00000
1.00000
1.00000
1.00000
1.00000
1.00000
1.00000
1.00000
1.00000
1.00000
1.00000
1.00000
1.00000
1.00000
1.00000
1.00000
1.00000
1.00000
1.00000
1.00000
1.00000
1.00000
1.00000
1.00000
1.00000
1.00000
1.00000
1.00000
1.00000
1.00000
1.00000
1.00000
1.00000
1.00000
1.00000
1.00000
1.00000
1.00000
1.00000
1.00000
1.00000
1.00000
1.00000
1.00000
1.00000
1.00000
1.00000
1.00000
1.00000
1.00000
1.00000
1.00000
1.00000
1.00000
1.00000
1.00000
1.00000
1.00000
1.00000
1.00000
1.00000
1.00000
1.00000
1.00000
1.00000
1.00000
1.00000
1.00000
1.00000
1.00000
1.00000
1.00000
1.00000
1.00000
1.00000
1.00000
1.00000
1.00000
1.00000
1.00000
1.00000
1.00000
1.00000
1.00000
1.00000
1.00000
1.00000
1.00000
1.00000
1.00000
1.00000
1.00000
1.00000
1.00000
1.00000
1.00000
1.00000
1.00000
1.00000
1.00000
1.00000
1.00000
1.00000
1.00000
1.00000
1.00000
1.00000
1.00000
1.00000
1.00000
1.00000
1.00000
1.00000
1.00000
1.00000
1.00000
1.00000
1.00000
1.00000
1.00000
1.00000
1.00000
1.00000
1.00000
1.00000
1.00000
1.00000
1.00000
1.00000
1.00000
1.00000
1.00000
1.00000
1.00000
1.00000
1.00000
1.00000
1.00000
1.00000
1.00000
1.00000
1.00000
1.00000
1.00000
1.00000
1.00000
1.00000
1.00000
1.00000
1.00000
1.00000
1.00000
1.00000
1.00000
1.00000
1.00000
1.00000
1.00000
1.00000
1.00000
1.00000
1.00000
1.00000
1.00000
1.00000
1.00000
1.00000
1.00000
1.00000
1.00000
1.00000
1.00000
1.00000
1.00000
1.00000
1.00000
1.00000
1.00000
1.00000
1.00000
1.00000
1.00000
1.00000
1.00000
1.00000
1.00000
1.00000
1.00000
1.00000
1.00000
1.00000
1.00000
1.00000
1.00000
1.00000
1.00000
1.00000
1.00000
1.00000
1.00000
1.00000
1.00000
1.00000
1.00000
1.00000
1.00000
1.00000
1.00000
1.00000
1.00000
1.00000
1.00000
1.00000
1.00000
1.00000
1.00000
1.00000
1.00000
1.00000
1.00000
1.00000
1.00000
1.00000
1.00000
1.00000
1.00000
1.00000
1.00000
1.00000
1.00000
1.00000
1.00000
1.00000
1.00000
1.00000
1.00000
1.00000
1.00000
1.00000
1.00000
1.00000
1.00000
1.00000
1.00000
1.00000
1.00000
1.00000
1.00000
1.00000
1.00000
1.00000
1.00000
1.00000
1.00000
1.00000
1.00000
1.00000
1.00000
1.00000
1.00000
1.00000
1.00000
1.00000
1.00000
1.00000
1.00000
1.00000
1.00000
1.00000
1.00000
1.00000
1.00000
1.00000
1.00000
1.00000
1.00000
1.00000
1.00000
1.00000
1.00000
1.00000
1.00000
1.00000
1.00000
1.00000
1.00000
1.00000
1.00000
1.00000
1.00000
1.00000
1.00000
1.00000
1.00000
1.00000
1.00000
1.00000
1.00000
1.00000
1.00000
1.00000
1.00000
1.00000
1.00000
1.00000
1.00000
1.00000
1.00000
1.00000
1.00000
1.00000
1.00000
1.00000
1.00000
1.00000
1.00000
1.00000
1.00000
1.00000
1.00000
1.00000
1.00000
1.00000
1.00000
1.00000
1.00000
1.00000
1.00000
1.00000
1.00000
1.00000
1.00000
1.00000
1.00000
1.00000
1.00000
1.00000
1.00000
1.00000
1.00000
1.00000
1.00000
1.00000
1.00000
1.00000
1.00000
1.00000
1.00000
1.00000
1.00000
1.00000
1.00000
1.00000
1.00000
1.00000
1.00000
1.00000
1.00000
1.00000
1.00000
1.00000
1.00000
1.00000
1.00000
1.00000
1.00000
1.00000
1.00000
1.00000
1.00000
1.00000
1.00000
1.00000
1.00000
1.00000
1.00000
1.00000
1.00000
1.00000
1.00000
1.00000
1.00000
1.00000
1.00000
1.00000
1.00000
1.00000
1.00000
1.00000
1.00000
1.00000
1.00000
1.00000
1.00000
1.00000
1.00000
1.00000
1.00000
1.00000
1.00000
1.00000
1.00000
1.00000
1.00000
1.00000
1.00000
1.00000
1.00000
1.00000
1.00000
1.00000
1.00000
1.00000
1.00000
1.00000
1.00000
1.00000
1.00000
1.00000
1.00000
1.00000
1.00000
1.00000
1.00000
1.00000
1.00000
1.00000
1.00000
1.00000
1.00000
1.00000
1.00000
1.00000
1.00000
1.00000
1.00000
1.00000
1.00000
1.00000
1.00000
1.00000
1.00000
1.00000
1.00000
1.00000
1.00000
1.00000
1.00000
1.00000
1.00000
1.00000
1.00000
1.00000
1.00000
1.00000
1.00000
1.00000
1.00000
1.00000
1.00000
1.00000
1.00000
1.00000
1.00000
1.00000
1.00000
1.00000
1.00000
1.00000
1.00000
1.00000
1.00000
1.00000
1.00000
1.00000
1.00000
1.00000
1.00000
1.00000
1.00000
1.00000
1.00000
1.00000
1.00000
1.00000
1.00000
1.00000
1.00000
1.00000
1.00000
1.00000
1.00000
1.00000
1.00000
1.00000
1.00000
1.00000
1.00000
1.00000
1.00000
1.00000
1.00000
1.00000
1.00000
1.00000
1.00000
1.00000
1.00000
1.00000
1.00000
1.00000
1.00000
1.00000
1.00000
1.00000
1.00000
1.00000
1.00000
1.00000
1.00000
1.00000
1.00000
1.00000
1.00000
1.00000
1.00000
1.00000
1.00000
1.00000
1.00000
1.00000
1.00000
1.00000
1.00000
1.00000
1.00000
1.00000
1.00000
1.00000
1.00000
1.00000
1.00000
1.00000
1.00000
1.00000
1.00000
1.00000
1.00000
1.00000
1.00000
1.00000
1.00000
1.00000
1.00000
1.00000
1.00000
1.00000
1.00000
1.00000
1.00000
1.00000
1.00000
1.00000
1.00000
1.00000
1.00000
1.00000
1.00000
1.00000
1.00000
1.00000
1.00000
1.00000
1.00000
1.00000
1.00000
1.00000
1.00000
1.00000
1.00000
1.00000
1.00000
1.00000
1.00000
1.00000
1.00000
1.00000
1.00000
1.00000
1.00000
1.00000
1.00000
1.00000
1.00000
1.00000
1.00000
1.00000
1.00000
1.00000
1.00000
1.00000
1.00000
1.00000
1.00000
1.00000
1.00000
1.00000
1.00000
1.00000
1.00000
1.00000
1.00000
1.00000
1.00000
1.00000
1.00000
1.00000
1.00000
1.00000
1.00000
1.00000
1.00000
1.00000
1.00000
1.00000
1.00000
1.00000
1.00000
1.00000
1.00000
1.00000
1.00000
1.00000
1.00000
1.00000
1.00000
1.00000
1.00000
1.00000
1.00000
1.00000
1.00000
1.00000
1.00000
1.00000
1.00000
1.00000
1.00000
1.00000
1.00000
1.00000
1.00000
1.00000
1.00000
1.00000
1.00000
1.00000
1.00000
1.00000
1.00000
1.00000
1.00000
1.00000
1.00000
1.00000
1.00000
1.00000
1.00000
1.00000
1.00000
1.00000
1.00000
1.00000
1.00000
1.00000
1.00000
1.00000
1.00000
1.00000
1.00000
1.00000
1.00000
1.00000
1.00000
1.00000
1.00000
1.00000
1.00000
1.00000
1.00000
1.00000
1.00000
1.00000
1.00000
1.00000
1.00000
1.00000
1.00000
1.00000
1.00000
1.00000
1.00000
1.00000
1.00000
1.00000
1.00000
1.00000
1.00000
1.00000
1.00000
1.00000
1.00000
1.00000
1.00000
1.00000
1.00000
1.00000
1.00000
1.00000
1.00000
1.00000
1.00000
1.00000
1.00000
1.00000
1.00000
1.00000
1.00000
1.00000
1.00000
1.00000
1.00000
1.00000
1.00000
1.00000
1.00000
1.00000
1.00000
1.00000
1.00000
1.00000
1.00000
1.00000
1.00000
1.00000
1.00000
1.00000
1.00000
1.00000
1.00000
1.00000
1.00000
1.00000
1.00000
1.00000
1.00000
1.00000
1.00000
1.00000
1.00000
1.00000
1.00000
1.00000
1.00000
1.00000
1.00000
1.00000
1.00000
1.00000
1.00000
1.00000
1.00000
1.00000
1.00000
1.00000
1.00000
1.00000
1.00000
1.00000
1.00000
1.00000
1.00000
1.00000
1.00000
1.00000
1.00000
1.00000
1.00000
1.00000
1.00000
1.00000
1.00000
1.00000
1.00000
1.00000
1.00000
1.00000
1.00000
1.00000
1.00000
1.00000
1.00000
1.00000
1.00000
1.00000
1.00000
1.00000
1.00000
1.00000
1.00000
1.00000
1.00000
1.00000
1.00000
1.00000
1.00000
1.00000
1.00000
1.00000
1.00000
1.00000
1.00000
1.00000
1.00000
1.00000
1.00000
1.00000
1.00000
1.00000
1.00000
1.00000
1.00000
1.00000
1.00000
1.00000
1.00000
1.00000
1.00000
1.00000
1.00000
1.00000
1.00000
1.00000
1.00000
1.00000
1.00000
1.00000
1.00000
1.00000
1.00000
1.00000
1.00000
1.00000
1.00000
1.00000
1.00000
1.00000
1.00000
1.00000
1.00000
1.00000
1.00000
1.00000
1.00000
1.00000
1.00000
1.00000
1.00000
1.00000
1.00000
1.00000
1.00000
1.00000
1.00000
1.00000
1.00000
1.00000
1.00000
1.00000
1.00000
1.00000
1.00000
1.00000
1.00000
1.00000
1.00000
1.00000
1.00000
1.00000
1.00000
1.00000
1.00000
1.00000
1.00000
1.00000
1.00000
1.00000
1.00000
1.00000
1.00000
1.00000
1.00000
1.00000
1.00000
1.00000
1.00000
1.00000
1.00000
1.00000
1.00000
1.00000
1.00000
1.00000
1.00000
1.00000
1.00000
1.00000
1.00000
1.00000
1.00000
1.00000
1.00000
1.00000
1.00000
1.00000
1.00000
1.00000
1.00000
1.00000
1.00000
1.00000
1.00000
1.00000
1.00000
1.00000
1.00000
1.00000
1.00000
1.00000
1.00000
1.00000
1.00000
1.00000
1.00000
1.00000
1.00000
1.00000
1.00000
1.00000
1.00000
1.00000
1.00000
1.00000
1.00000
1.00000
1.00000
1.00000
1.00000
1.00000
1.00000
1.00000
1.00000
1.00000
1.00000
1.00000
1.00000
1.00000
1.00000
1.00000
1.00000
1.00000
1.00000
1.00000
1.00000
1.00000
1.00000
1.00000
1.00000
1.00000
1.00000
1.00000
1.00000
1.00000
1.00000
1.00000
1.00000
1.00000
1.00000
1.00000
1.00000
1.00000
1.00000
1.00000
1.00000
1.00000
1.00000
1.00000
1.00000
1.00000
1.00000
1.00000
1.00000
1.00000
1.00000
1.00000
1.00000
1.00000
1.00000
1.00000
1.00000
1.00000
1.00000
1.00000
1.00000
1.00000
1.00000
1.00000
1.00000
1.00000
1.00000
1.00000
1.00000
1.00000
1.00000
1.00000
1.00000
1.00000
1.00000
1.00000
1.00000
1.00000
1.00000
1.00000
1.00000
1.00000
1.00000
1.00000
1.00000
1.00000
1.00000
1.00000
1.00000
1.00000
1.00000
1.00000
1.00000
1.00000
1.00000
1.00000
1.00000
1.00000
1.00000
1.00000
1.00000
1.00000
1.00000
1.00000
1.00000
1.00000
1.00000
1.00000
1.00000
1.00000
1.00000
1.00000
1.00000
1.00000
1.00000
1.00000
1.00000
1.00000
1.00000
1.00000
1.00000
1.00000
1.00000
1.00000
1.00000
1.00000
1.00000
1.00000
1.00000
1.00000
1.00000
1.00000
1.00000
1.00000
1.00000
1.00000
1.00000
1.00000
1.00000
1.00000
1.00000
1.00000
1.00000
1.00000
1.00000
1.00000
1.00000
1.00000
1.00000
1.00000
1.00000
1.00000
1.00000
1.00000
1.00000
1.00000
1.00000
1.00000
1.00000
1.00000
1.00000
1.00000
1.00000
1.00000
1.00000
1.00000
1.00000
1.00000
1.00000
1.00000
1.00000
1.00000
1.00000
1.00000
1.00000
1.00000
1.00000
1.00000
1.00000
1.00000
1.00000
1.00000
1.00000
1.00000
1.00000
1.00000
1.00000
1.00000
1.00000
1.00000
1.00000
1.00000
1.00000
1.00000
1.00000
1.00000
1.00000
1.00000
1.00000
1.00000
1.00000
1.00000
1.00000
1.00000
1.00000
1.00000
1.00000
1.00000
1.00000
1.00000
1.00000
1.00000
1.00000
1.00000
1.00000
1.00000
1.00000
1.00000
1.00000
1.00000
1.00000
1.00000
1.00000
1.00000
1.00000
1.00000
1.00000
1.00000
1.00000
1.00000
1.00000
1.00000
1.00000
1.00000
1.00000
1.00000
1.00000
1.00000
1.00000
1.00000
1.00000
1.00000
1.00000
1.00000
1.00000
1.00000
1.00000
1.00000
1.00000
1.00000
1.00000
1.00000
1.00000
1.00000
1.00000
1.00000
1.00000
1.00000
1.00000
